0.0 1.0
0.0 1.0
0.0 1.0
0.0 1.0
0.0 1.0
0.0 1.0
0.0 1.0
0.0 1.0
0.0 1.0
0.0 1.0
0.0029577464788732395 1.0
0.0029577464788732395 1.0
0.0029577464788732395 1.0
0.0029577464788732395 0.997
0.0029577464788732395 0.995
0.0029577464788732395 0.994
0.0029577464788732395 0.996
0.0029577464788732395 1.0
0.0029577464788732395 0.999
0.0029577464788732395 0.996
0.011830985915492958 0.989
0.011830985915492958 0.985
0.011830985915492958 0.989
0.011830985915492958 0.984
0.011830985915492958 0.986
0.011830985915492958 0.988
0.011830985915492958 0.994
0.011830985915492958 0.988
0.011830985915492958 0.986
0.011830985915492958 0.986
0.023661971830985916 0.971
0.023661971830985916 0.967
0.023661971830985916 0.962
0.023661971830985916 0.976
0.023661971830985916 0.974
0.023661971830985916 0.98
0.023661971830985916 0.968
0.023661971830985916 0.981
0.023661971830985916 0.969
0.023661971830985916 0.969
0.008873239436619718 0.987
0.008873239436619718 0.991
0.008873239436619718 0.994
0.008873239436619718 0.981
0.008873239436619718 0.993
0.008873239436619718 0.99
0.008873239436619718 0.993
0.008873239436619718 0.993
0.008873239436619718 0.992
0.008873239436619718 0.993
0.005915492957746479 0.997
0.005915492957746479 0.995
0.005915492957746479 0.99
0.005915492957746479 0.993
0.005915492957746479 0.995
0.005915492957746479 0.996
0.005915492957746479 0.993
0.005915492957746479 0.993
0.005915492957746479 0.996
0.005915492957746479 0.999
0.017746478873239435 0.971
0.017746478873239435 0.986
0.017746478873239435 0.973
0.017746478873239435 0.976
0.017746478873239435 0.985
0.017746478873239435 0.976
0.017746478873239435 0.977
0.017746478873239435 0.985
0.017746478873239435 0.979
0.017746478873239435 0.981
0.014788732394366198 0.98
0.014788732394366198 0.988
0.014788732394366198 0.986
0.014788732394366198 0.986
0.014788732394366198 0.981
0.014788732394366198 0.982
0.014788732394366198 0.986
0.014788732394366198 0.976
0.014788732394366198 0.987
0.014788732394366198 0.977
0.020704225352112676 0.976
0.020704225352112676 0.975
0.020704225352112676 0.982
0.020704225352112676 0.985
0.020704225352112676 0.98
0.020704225352112676 0.979
0.020704225352112676 0.963
0.020704225352112676 0.971
0.020704225352112676 0.962
0.020704225352112676 0.974
0.026619718309859156 0.974
0.026619718309859156 0.967
0.026619718309859156 0.967
0.026619718309859156 0.974
0.026619718309859156 0.971
0.026619718309859156 0.964
0.026619718309859156 0.969
0.026619718309859156 0.978
0.026619718309859156 0.962
0.026619718309859156 0.973
0.029577464788732397 0.969
0.029577464788732397 0.954
0.029577464788732397 0.967
0.029577464788732397 0.965
0.029577464788732397 0.955
0.029577464788732397 0.97
0.029577464788732397 0.971
0.029577464788732397 0.967
0.029577464788732397 0.962
0.029577464788732397 0.964
0.03549295774647887 0.959
0.03549295774647887 0.952
0.03549295774647887 0.954
0.03549295774647887 0.949
0.03549295774647887 0.943
0.03549295774647887 0.952
0.03549295774647887 0.948
0.03549295774647887 0.949
0.03549295774647887 0.96
0.03549295774647887 0.941
0.032535211267605633 0.969
0.032535211267605633 0.952
0.032535211267605633 0.951
0.032535211267605633 0.958
0.032535211267605633 0.957
0.032535211267605633 0.969
0.032535211267605633 0.955
0.032535211267605633 0.944
0.032535211267605633 0.951
0.032535211267605633 0.951
0.038450704225352114 0.949
0.038450704225352114 0.951
0.038450704225352114 0.962
0.038450704225352114 0.95
0.038450704225352114 0.96
0.038450704225352114 0.963
0.038450704225352114 0.944
0.038450704225352114 0.932
0.038450704225352114 0.944
0.038450704225352114 0.95
0.04140845070422535 0.924
0.04140845070422535 0.949
0.04140845070422535 0.935
0.04140845070422535 0.939
0.04140845070422535 0.939
0.04140845070422535 0.927
0.04140845070422535 0.95
0.04140845070422535 0.934
0.04140845070422535 0.948
0.04140845070422535 0.948
0.044366197183098595 0.928
0.044366197183098595 0.91
0.044366197183098595 0.942
0.044366197183098595 0.921
0.044366197183098595 0.941
0.044366197183098595 0.941
0.044366197183098595 0.922
0.044366197183098595 0.942
0.044366197183098595 0.933
0.044366197183098595 0.917
0.04732394366197183 0.928
0.04732394366197183 0.922
0.04732394366197183 0.923
0.04732394366197183 0.91
0.04732394366197183 0.924
0.04732394366197183 0.913
0.04732394366197183 0.905
0.04732394366197183 0.927
0.04732394366197183 0.932
0.04732394366197183 0.913
0.05028169014084507 0.923
0.05028169014084507 0.917
0.05028169014084507 0.898
0.05028169014084507 0.914
0.05028169014084507 0.914
0.05028169014084507 0.908
0.05028169014084507 0.934
0.05028169014084507 0.902
0.05028169014084507 0.899
0.05028169014084507 0.907
0.05323943661971831 0.931
0.05323943661971831 0.891
0.05323943661971831 0.906
0.05323943661971831 0.902
0.05323943661971831 0.884
0.05323943661971831 0.89
0.05323943661971831 0.901
0.05323943661971831 0.89
0.05323943661971831 0.902
0.05323943661971831 0.922
0.05619718309859155 0.885
0.05619718309859155 0.865
0.05619718309859155 0.897
0.05619718309859155 0.857
0.05619718309859155 0.907
0.05619718309859155 0.867
0.05619718309859155 0.888
0.05619718309859155 0.899
0.05619718309859155 0.922
0.05619718309859155 0.916
0.05915492957746479 0.834
0.05915492957746479 0.828
0.05915492957746479 0.845
0.05915492957746479 0.859
0.05915492957746479 0.856
0.05915492957746479 0.835
0.05915492957746479 0.861
0.05915492957746479 0.842
0.05915492957746479 0.812
0.05915492957746479 0.777
0.06507042253521127 0.804
0.06507042253521127 0.678
0.06507042253521127 0.614
0.06507042253521127 0.582
0.06507042253521127 0.582
0.06507042253521127 0.626
0.06507042253521127 0.617
0.06507042253521127 0.588
0.06507042253521127 0.585
0.06507042253521127 0.603
0.06211267605633803 0.661
0.06211267605633803 0.679
0.06211267605633803 0.739
0.06211267605633803 0.646
0.06211267605633803 0.63
0.06211267605633803 0.654
0.06211267605633803 0.692
0.06211267605633803 0.692
0.06211267605633803 0.819
0.06211267605633803 0.61
0.07098591549295774 0.562
0.07098591549295774 0.551
0.07098591549295774 0.547
0.07098591549295774 0.532
0.07098591549295774 0.56
0.07098591549295774 0.55
0.07098591549295774 0.565
0.07098591549295774 0.564
0.07098591549295774 0.538
0.07098591549295774 0.55
0.06802816901408451 0.551
0.06802816901408451 0.555
0.06802816901408451 0.535
0.06802816901408451 0.587
0.06802816901408451 0.56
0.06802816901408451 0.544
0.06802816901408451 0.565
0.06802816901408451 0.581
0.06802816901408451 0.559
0.06802816901408451 0.551
0.07394366197183098 0.539
0.07394366197183098 0.55
0.07394366197183098 0.533
0.07394366197183098 0.518
0.07394366197183098 0.531
0.07394366197183098 0.558
0.07394366197183098 0.54
0.07394366197183098 0.549
0.07394366197183098 0.518
0.07394366197183098 0.548
0.07690140845070423 0.528
0.07690140845070423 0.524
0.07690140845070423 0.523
0.07690140845070423 0.531
0.07690140845070423 0.513
0.07690140845070423 0.515
0.07690140845070423 0.516
0.07690140845070423 0.526
0.07690140845070423 0.527
0.07690140845070423 0.52
0.07985915492957747 0.518
0.07985915492957747 0.518
0.07985915492957747 0.518
0.07985915492957747 0.521
0.07985915492957747 0.524
0.07985915492957747 0.514
0.07985915492957747 0.528
0.07985915492957747 0.512
0.07985915492957747 0.517
0.07985915492957747 0.498
0.0828169014084507 0.51
0.0828169014084507 0.502
0.0828169014084507 0.519
0.0828169014084507 0.502
0.0828169014084507 0.522
0.0828169014084507 0.502
0.0828169014084507 0.511
0.0828169014084507 0.52
0.0828169014084507 0.502
0.0828169014084507 0.516
0.08577464788732395 0.526
0.08577464788732395 0.515
0.08577464788732395 0.511
0.08577464788732395 0.505
0.08577464788732395 0.52
0.08577464788732395 0.514
0.08577464788732395 0.514
0.08577464788732395 0.514
0.08577464788732395 0.519
0.08577464788732395 0.512
0.08873239436619719 0.5
0.08873239436619719 0.512
0.08873239436619719 0.518
0.08873239436619719 0.508
0.08873239436619719 0.512
0.08873239436619719 0.498
0.08873239436619719 0.52
0.08873239436619719 0.513
0.08873239436619719 0.522
0.08873239436619719 0.49
0.09464788732394366 0.511
0.09464788732394366 0.493
0.09464788732394366 0.534
0.09464788732394366 0.507
0.09464788732394366 0.509
0.09464788732394366 0.507
0.09464788732394366 0.527
0.09464788732394366 0.515
0.09464788732394366 0.511
0.09464788732394366 0.495
0.09169014084507042 0.512
0.09169014084507042 0.513
0.09169014084507042 0.5
0.09169014084507042 0.52
0.09169014084507042 0.505
0.09169014084507042 0.509
0.09169014084507042 0.509
0.09169014084507042 0.517
0.09169014084507042 0.501
0.09169014084507042 0.506
0.09760563380281691 0.494
0.09760563380281691 0.514
0.09760563380281691 0.508
0.09760563380281691 0.5
0.09760563380281691 0.501
0.09760563380281691 0.51
0.09760563380281691 0.484
0.09760563380281691 0.516
0.09760563380281691 0.491
0.09760563380281691 0.516
0.10352112676056338 0.499
0.10352112676056338 0.485
0.10352112676056338 0.502
0.10352112676056338 0.512
0.10352112676056338 0.502
0.10352112676056338 0.509
0.10352112676056338 0.498
0.10352112676056338 0.503
0.10352112676056338 0.526
0.10352112676056338 0.517
0.10056338028169014 0.512
0.10056338028169014 0.514
0.10056338028169014 0.481
0.10056338028169014 0.504
0.10056338028169014 0.5
0.10056338028169014 0.504
0.10056338028169014 0.506
0.10056338028169014 0.515
0.10056338028169014 0.507
0.10056338028169014 0.502
0.10647887323943662 0.504
0.10647887323943662 0.491
0.10647887323943662 0.508
0.10647887323943662 0.511
0.10647887323943662 0.481
0.10647887323943662 0.502
0.10647887323943662 0.506
0.10647887323943662 0.521
0.10647887323943662 0.494
0.10647887323943662 0.493
0.10943661971830985 0.489
0.10943661971830985 0.517
0.10943661971830985 0.5
0.10943661971830985 0.524
0.10943661971830985 0.488
0.10943661971830985 0.497
0.10943661971830985 0.505
0.10943661971830985 0.509
0.10943661971830985 0.489
0.10943661971830985 0.501
0.1123943661971831 0.499
0.1123943661971831 0.503
0.1123943661971831 0.505
0.1123943661971831 0.511
0.1123943661971831 0.496
0.1123943661971831 0.505
0.1123943661971831 0.504
0.1123943661971831 0.5
0.1123943661971831 0.503
0.1123943661971831 0.513
0.11535211267605634 0.506
0.11535211267605634 0.5
0.11535211267605634 0.496
0.11535211267605634 0.51
0.11535211267605634 0.495
0.11535211267605634 0.508
0.11535211267605634 0.492
0.11535211267605634 0.51
0.11535211267605634 0.504
0.11535211267605634 0.5
0.11830985915492959 0.499
0.11830985915492959 0.492
0.11830985915492959 0.492
0.11830985915492959 0.498
0.11830985915492959 0.499
0.11830985915492959 0.487
0.11830985915492959 0.508
0.11830985915492959 0.482
0.11830985915492959 0.494
0.11830985915492959 0.493
0.12126760563380282 0.504
0.12126760563380282 0.498
0.12126760563380282 0.49
0.12126760563380282 0.496
0.12126760563380282 0.505
0.12126760563380282 0.501
0.12126760563380282 0.501
0.12126760563380282 0.487
0.12126760563380282 0.497
0.12126760563380282 0.492
0.12422535211267606 0.518
0.12422535211267606 0.511
0.12422535211267606 0.498
0.12422535211267606 0.496
0.12422535211267606 0.514
0.12422535211267606 0.492
0.12422535211267606 0.498
0.12422535211267606 0.5
0.12422535211267606 0.498
0.12422535211267606 0.503
0.1271830985915493 0.493
0.1271830985915493 0.488
0.1271830985915493 0.491
0.1271830985915493 0.503
0.1271830985915493 0.5
0.1271830985915493 0.51
0.1271830985915493 0.492
0.1271830985915493 0.504
0.1271830985915493 0.507
0.1271830985915493 0.512
0.13014084507042253 0.483
0.13014084507042253 0.494
0.13014084507042253 0.499
0.13014084507042253 0.517
0.13014084507042253 0.499
0.13014084507042253 0.502
0.13014084507042253 0.501
0.13014084507042253 0.514
0.13014084507042253 0.508
0.13014084507042253 0.497
0.13309859154929576 0.502
0.13309859154929576 0.501
0.13309859154929576 0.503
0.13309859154929576 0.51
0.13309859154929576 0.49
0.13309859154929576 0.501
0.13309859154929576 0.495
0.13309859154929576 0.503
0.13309859154929576 0.486
0.13309859154929576 0.514
0.13605633802816902 0.496
0.13605633802816902 0.507
0.13605633802816902 0.502
0.13605633802816902 0.513
0.13605633802816902 0.497
0.13605633802816902 0.498
0.13605633802816902 0.504
0.13605633802816902 0.497
0.13605633802816902 0.506
0.13605633802816902 0.481
0.13901408450704225 0.494
0.13901408450704225 0.493
0.13901408450704225 0.49
0.13901408450704225 0.512
0.13901408450704225 0.513
0.13901408450704225 0.501
0.13901408450704225 0.505
0.13901408450704225 0.491
0.13901408450704225 0.503
0.13901408450704225 0.503
0.14197183098591548 0.513
0.14197183098591548 0.507
0.14197183098591548 0.492
0.14197183098591548 0.482
0.14197183098591548 0.514
0.14197183098591548 0.503
0.14197183098591548 0.494
0.14197183098591548 0.505
0.14197183098591548 0.503
0.14197183098591548 0.497
0.14492957746478874 0.496
0.14492957746478874 0.502
0.14492957746478874 0.493
0.14492957746478874 0.507
0.14492957746478874 0.493
0.14492957746478874 0.506
0.14492957746478874 0.495
0.14492957746478874 0.512
0.14492957746478874 0.49
0.14492957746478874 0.485
