0.3512676056338028 0.669
0.3512676056338028 0.673
0.3512676056338028 0.672
0.3512676056338028 0.674
0.3512676056338028 0.663
0.3512676056338028 0.682
0.3512676056338028 0.663
0.3512676056338028 0.655
0.3512676056338028 0.649
0.3512676056338028 0.664
0.3794366197183099 0.641
0.3794366197183099 0.636
0.3794366197183099 0.638
0.3794366197183099 0.646
0.3794366197183099 0.66
0.3794366197183099 0.644
0.3794366197183099 0.662
0.3794366197183099 0.663
0.3794366197183099 0.633
0.3794366197183099 0.656
0.3681690140845071 0.66
0.3681690140845071 0.658
0.3681690140845071 0.653
0.3681690140845071 0.668
0.3681690140845071 0.667
0.3681690140845071 0.653
0.3681690140845071 0.664
0.3681690140845071 0.649
0.3681690140845071 0.668
0.3681690140845071 0.66
0.3569014084507042 0.673
0.3569014084507042 0.692
0.3569014084507042 0.651
0.3569014084507042 0.663
0.3569014084507042 0.645
0.3569014084507042 0.67
0.3569014084507042 0.671
0.3569014084507042 0.644
0.3569014084507042 0.675
0.3569014084507042 0.699
0.3738028169014085 0.654
0.3738028169014085 0.657
0.3738028169014085 0.637
0.3738028169014085 0.65
0.3738028169014085 0.66
0.3738028169014085 0.665
0.3738028169014085 0.666
0.3738028169014085 0.666
0.3738028169014085 0.665
0.3738028169014085 0.657
0.34 0.645
0.34 0.667
0.34 0.675
0.34 0.677
0.34 0.674
0.34 0.675
0.34 0.668
0.34 0.683
0.34 0.671
0.34 0.693
0.3456338028169014 0.668
0.3456338028169014 0.686
0.3456338028169014 0.662
0.3456338028169014 0.677
0.3456338028169014 0.659
0.3456338028169014 0.664
0.3456338028169014 0.702
0.3456338028169014 0.672
0.3456338028169014 0.67
0.3456338028169014 0.682
0.3625352112676057 0.675
0.3625352112676057 0.654
0.3625352112676057 0.667
0.3625352112676057 0.65
0.3625352112676057 0.65
0.3625352112676057 0.647
0.3625352112676057 0.662
0.3625352112676057 0.649
0.3625352112676057 0.648
0.3625352112676057 0.675
0.3850704225352113 0.652
0.3850704225352113 0.66
0.3850704225352113 0.635
0.3850704225352113 0.647
0.3850704225352113 0.657
0.3850704225352113 0.642
0.3850704225352113 0.645
0.3850704225352113 0.639
0.3850704225352113 0.64
0.3850704225352113 0.645
0.4132394366197183 0.643
0.4132394366197183 0.621
0.4132394366197183 0.618
0.4132394366197183 0.631
0.4132394366197183 0.637
0.4132394366197183 0.627
0.4132394366197183 0.645
0.4132394366197183 0.624
0.4132394366197183 0.621
0.4132394366197183 0.637
0.4076056338028169 0.647
0.4076056338028169 0.642
0.4076056338028169 0.63
0.4076056338028169 0.638
0.4076056338028169 0.627
0.4076056338028169 0.639
0.4076056338028169 0.618
0.4076056338028169 0.631
0.4076056338028169 0.626
0.4076056338028169 0.632
0.3907042253521127 0.648
0.3907042253521127 0.659
0.3907042253521127 0.656
0.3907042253521127 0.665
0.3907042253521127 0.654
0.3907042253521127 0.642
0.3907042253521127 0.647
0.3907042253521127 0.642
0.3907042253521127 0.644
0.3907042253521127 0.668
0.4019718309859155 0.637
0.4019718309859155 0.631
0.4019718309859155 0.636
0.4019718309859155 0.641
0.4019718309859155 0.649
0.4019718309859155 0.637
0.4019718309859155 0.635
0.4019718309859155 0.632
0.4019718309859155 0.663
0.4019718309859155 0.627
0.3963380281690141 0.65
0.3963380281690141 0.645
0.3963380281690141 0.636
0.3963380281690141 0.658
0.3963380281690141 0.633
0.3963380281690141 0.635
0.3963380281690141 0.631
0.3963380281690141 0.649
0.3963380281690141 0.644
0.3963380281690141 0.639
0.42450704225352115 0.631
0.42450704225352115 0.619
0.42450704225352115 0.617
0.42450704225352115 0.653
0.42450704225352115 0.649
0.42450704225352115 0.629
0.42450704225352115 0.635
0.42450704225352115 0.624
0.42450704225352115 0.623
0.42450704225352115 0.635
0.41887323943661975 0.637
0.41887323943661975 0.628
0.41887323943661975 0.649
0.41887323943661975 0.626
0.41887323943661975 0.634
0.41887323943661975 0.621
0.41887323943661975 0.623
0.41887323943661975 0.621
0.41887323943661975 0.639
0.41887323943661975 0.645
0.4470422535211268 0.615
0.4470422535211268 0.621
0.4470422535211268 0.635
0.4470422535211268 0.616
0.4470422535211268 0.637
0.4470422535211268 0.619
0.4470422535211268 0.631
0.4470422535211268 0.639
0.4470422535211268 0.617
0.4470422535211268 0.625
0.463943661971831 0.628
0.463943661971831 0.619
0.463943661971831 0.629
0.463943661971831 0.633
0.463943661971831 0.629
0.463943661971831 0.601
0.463943661971831 0.613
0.463943661971831 0.606
0.463943661971831 0.629
0.463943661971831 0.603
0.43014084507042255 0.602
0.43014084507042255 0.619
0.43014084507042255 0.658
0.43014084507042255 0.624
0.43014084507042255 0.622
0.43014084507042255 0.641
0.43014084507042255 0.619
0.43014084507042255 0.639
0.43014084507042255 0.637
0.43014084507042255 0.635
0.4526760563380282 0.621
0.4526760563380282 0.633
0.4526760563380282 0.609
0.4526760563380282 0.629
0.4526760563380282 0.624
0.4526760563380282 0.597
0.4526760563380282 0.614
0.4526760563380282 0.637
0.4526760563380282 0.605
0.4526760563380282 0.612
0.44140845070422535 0.614
0.44140845070422535 0.601
0.44140845070422535 0.624
0.44140845070422535 0.611
0.44140845070422535 0.621
0.44140845070422535 0.621
0.44140845070422535 0.622
0.44140845070422535 0.606
0.44140845070422535 0.623
0.44140845070422535 0.624
0.43577464788732395 0.611
0.43577464788732395 0.619
0.43577464788732395 0.648
0.43577464788732395 0.625
0.43577464788732395 0.62
0.43577464788732395 0.632
0.43577464788732395 0.64
0.43577464788732395 0.633
0.43577464788732395 0.642
0.43577464788732395 0.629
0.4583098591549296 0.629
0.4583098591549296 0.612
0.4583098591549296 0.623
0.4583098591549296 0.608
0.4583098591549296 0.621
0.4583098591549296 0.619
0.4583098591549296 0.616
0.4583098591549296 0.639
0.4583098591549296 0.622
0.4583098591549296 0.597
0.4695774647887324 0.603
0.4695774647887324 0.615
0.4695774647887324 0.596
0.4695774647887324 0.604
0.4695774647887324 0.621
0.4695774647887324 0.618
0.4695774647887324 0.617
0.4695774647887324 0.628
0.4695774647887324 0.59
0.4695774647887324 0.611
0.4752112676056338 0.637
0.4752112676056338 0.613
0.4752112676056338 0.608
0.4752112676056338 0.597
0.4752112676056338 0.604
0.4752112676056338 0.614
0.4752112676056338 0.625
0.4752112676056338 0.603
0.4752112676056338 0.609
0.4752112676056338 0.617
0.4808450704225352 0.618
0.4808450704225352 0.629
0.4808450704225352 0.609
0.4808450704225352 0.601
0.4808450704225352 0.599
0.4808450704225352 0.615
0.4808450704225352 0.587
0.4808450704225352 0.601
0.4808450704225352 0.601
0.4808450704225352 0.609
0.4977464788732394 0.611
0.4977464788732394 0.621
0.4977464788732394 0.6
0.4977464788732394 0.602
0.4977464788732394 0.602
0.4977464788732394 0.597
0.4977464788732394 0.653
0.4977464788732394 0.607
0.4977464788732394 0.613
0.4977464788732394 0.592
0.492112676056338 0.605
0.492112676056338 0.608
0.492112676056338 0.601
0.492112676056338 0.621
0.492112676056338 0.596
0.492112676056338 0.619
0.492112676056338 0.592
0.492112676056338 0.625
0.492112676056338 0.584
0.492112676056338 0.608
0.5090140845070423 0.612
0.5090140845070423 0.599
0.5090140845070423 0.613
0.5090140845070423 0.611
0.5090140845070423 0.593
0.5090140845070423 0.613
0.5090140845070423 0.583
0.5090140845070423 0.605
0.5090140845070423 0.605
0.5090140845070423 0.586
0.5146478873239437 0.607
0.5146478873239437 0.649
0.5146478873239437 0.597
0.5146478873239437 0.612
0.5146478873239437 0.593
0.5146478873239437 0.611
0.5146478873239437 0.611
0.5146478873239437 0.623
0.5146478873239437 0.603
0.5146478873239437 0.611
0.4864788732394366 0.602
0.4864788732394366 0.611
0.4864788732394366 0.614
0.4864788732394366 0.615
0.4864788732394366 0.613
0.4864788732394366 0.583
0.4864788732394366 0.602
0.4864788732394366 0.628
0.4864788732394366 0.611
0.4864788732394366 0.596
0.5033802816901408 0.592
0.5033802816901408 0.6
0.5033802816901408 0.607
0.5033802816901408 0.607
0.5033802816901408 0.617
0.5033802816901408 0.598
0.5033802816901408 0.612
0.5033802816901408 0.599
0.5033802816901408 0.606
0.5033802816901408 0.601
0.5202816901408451 0.577
0.5202816901408451 0.629
0.5202816901408451 0.635
0.5202816901408451 0.588
0.5202816901408451 0.629
0.5202816901408451 0.612
0.5202816901408451 0.588
0.5202816901408451 0.607
0.5202816901408451 0.585
0.5202816901408451 0.594
0.5371830985915493 0.629
0.5371830985915493 0.605
0.5371830985915493 0.608
0.5371830985915493 0.629
0.5371830985915493 0.605
0.5371830985915493 0.605
0.5371830985915493 0.605
0.5371830985915493 0.593
0.5371830985915493 0.579
0.5371830985915493 0.584
0.5315492957746479 0.613
0.5315492957746479 0.601
0.5315492957746479 0.588
0.5315492957746479 0.595
0.5315492957746479 0.585
0.5315492957746479 0.607
0.5315492957746479 0.621
0.5315492957746479 0.579
0.5315492957746479 0.629
0.5315492957746479 0.597
0.5259154929577465 0.617
0.5259154929577465 0.621
0.5259154929577465 0.607
0.5259154929577465 0.579
0.5259154929577465 0.584
0.5259154929577465 0.594
0.5259154929577465 0.59
0.5259154929577465 0.595
0.5259154929577465 0.584
0.5259154929577465 0.601
0.5540845070422535 0.589
0.5540845070422535 0.59
0.5540845070422535 0.617
0.5540845070422535 0.594
0.5540845070422535 0.602
0.5540845070422535 0.583
0.5540845070422535 0.578
0.5540845070422535 0.601
0.5540845070422535 0.601
0.5540845070422535 0.582
0.5428169014084507 0.61
0.5428169014084507 0.611
0.5428169014084507 0.595
0.5428169014084507 0.579
0.5428169014084507 0.592
0.5428169014084507 0.601
0.5428169014084507 0.592
0.5428169014084507 0.621
0.5428169014084507 0.591
0.5428169014084507 0.581
0.5484507042253521 0.623
0.5484507042253521 0.594
0.5484507042253521 0.594
0.5484507042253521 0.588
0.5484507042253521 0.588
0.5484507042253521 0.59
0.5484507042253521 0.59
0.5484507042253521 0.625
0.5484507042253521 0.569
0.5484507042253521 0.584
0.5597183098591549 0.59
0.5597183098591549 0.597
0.5597183098591549 0.588
0.5597183098591549 0.625
0.5597183098591549 0.59
0.5597183098591549 0.582
0.5597183098591549 0.584
0.5597183098591549 0.586
0.5597183098591549 0.605
0.5597183098591549 0.607
0.5766197183098591 0.619
0.5766197183098591 0.588
0.5766197183098591 0.582
0.5766197183098591 0.611
0.5766197183098591 0.609
0.5766197183098591 0.599
0.5766197183098591 0.59
0.5766197183098591 0.584
0.5766197183098591 0.588
0.5766197183098591 0.579
0.5709859154929577 0.619
0.5709859154929577 0.584
0.5709859154929577 0.605
0.5709859154929577 0.625
0.5709859154929577 0.581
0.5709859154929577 0.583
0.5709859154929577 0.609
0.5709859154929577 0.59
0.5709859154929577 0.586
0.5709859154929577 0.581
0.5653521126760563 0.601
0.5653521126760563 0.609
0.5653521126760563 0.588
0.5653521126760563 0.607
0.5653521126760563 0.57
0.5653521126760563 0.607
0.5653521126760563 0.59
0.5653521126760563 0.601
0.5653521126760563 0.595
0.5653521126760563 0.581
0.5878873239436619 0.601
0.5878873239436619 0.59
0.5878873239436619 0.59
0.5878873239436619 0.613
0.5878873239436619 0.582
0.5878873239436619 0.584
0.5878873239436619 0.629
0.5878873239436619 0.588
0.5878873239436619 0.578
0.5878873239436619 0.588
0.6047887323943661 0.579
0.6047887323943661 0.581
0.6047887323943661 0.599
0.6047887323943661 0.584
0.6047887323943661 0.599
0.6047887323943661 0.665
0.6047887323943661 0.613
0.6047887323943661 0.582
0.6047887323943661 0.563
0.6047887323943661 0.599
0.5991549295774647 0.576
0.5991549295774647 0.561
0.5991549295774647 0.584
0.5991549295774647 0.601
0.5991549295774647 0.621
0.5991549295774647 0.637
0.5991549295774647 0.584
0.5991549295774647 0.572
0.5991549295774647 0.582
0.5991549295774647 0.607
0.5935211267605633 0.576
0.5935211267605633 0.58
0.5935211267605633 0.578
0.5935211267605633 0.627
0.5935211267605633 0.601
0.5935211267605633 0.572
0.5935211267605633 0.581
0.5935211267605633 0.588
0.5935211267605633 0.584
0.5935211267605633 0.579
0.5822535211267605 0.58
0.5822535211267605 0.572
0.5822535211267605 0.585
0.5822535211267605 0.582
0.5822535211267605 0.585
0.5822535211267605 0.599
0.5822535211267605 0.605
0.5822535211267605 0.584
0.5822535211267605 0.574
0.5822535211267605 0.582
0.6104225352112675 0.605
0.6104225352112675 0.584
0.6104225352112675 0.607
0.6104225352112675 0.581
0.6104225352112675 0.601
0.6104225352112675 0.584
0.6104225352112675 0.59
0.6104225352112675 0.578
0.6104225352112675 0.599
0.6104225352112675 0.605
0.6216901408450703 0.584
0.6216901408450703 0.58
0.6216901408450703 0.585
0.6216901408450703 0.58
0.6216901408450703 0.58
0.6216901408450703 0.584
0.6216901408450703 0.611
0.6216901408450703 0.584
0.6216901408450703 0.607
0.6216901408450703 0.581
0.616056338028169 0.569
0.616056338028169 0.588
0.616056338028169 0.58
0.616056338028169 0.566
0.616056338028169 0.563
0.616056338028169 0.581
0.616056338028169 0.613
0.616056338028169 0.613
0.616056338028169 0.588
0.616056338028169 0.582
0.6273239436619718 0.599
0.6273239436619718 0.581
0.6273239436619718 0.562
0.6273239436619718 0.562
0.6273239436619718 0.575
0.6273239436619718 0.576
0.6273239436619718 0.601
0.6273239436619718 0.601
0.6273239436619718 0.601
0.6273239436619718 0.605
0.6442253521126761 0.579
0.6442253521126761 0.601
0.6442253521126761 0.59
0.6442253521126761 0.584
0.6442253521126761 0.585
0.6442253521126761 0.619
0.6442253521126761 0.578
0.6442253521126761 0.572
0.6442253521126761 0.582
0.6442253521126761 0.588
0.6498591549295775 0.581
0.6498591549295775 0.581
0.6498591549295775 0.639
0.6498591549295775 0.582
0.6498591549295775 0.562
0.6498591549295775 0.582
0.6498591549295775 0.601
0.6498591549295775 0.563
0.6498591549295775 0.601
0.6498591549295775 0.611
0.6385915492957747 0.58
0.6385915492957747 0.556
0.6385915492957747 0.581
0.6385915492957747 0.613
0.6385915492957747 0.584
0.6385915492957747 0.556
0.6385915492957747 0.584
0.6385915492957747 0.561
0.6385915492957747 0.584
0.6385915492957747 0.563
0.6329577464788732 0.579
0.6329577464788732 0.568
0.6329577464788732 0.566
0.6329577464788732 0.588
0.6329577464788732 0.564
0.6329577464788732 0.613
0.6329577464788732 0.57
0.6329577464788732 0.564
0.6329577464788732 0.577
0.6329577464788732 0.578
0.6554929577464789 0.565
0.6554929577464789 0.578
0.6554929577464789 0.609
0.6554929577464789 0.601
0.6554929577464789 0.556
0.6554929577464789 0.55
0.6554929577464789 0.579
0.6554929577464789 0.553
0.6554929577464789 0.562
0.6554929577464789 0.611
0.6667605633802817 0.588
0.6667605633802817 0.581
0.6667605633802817 0.59
0.6667605633802817 0.584
0.6667605633802817 0.572
0.6667605633802817 0.584
0.6667605633802817 0.609
0.6667605633802817 0.58
0.6667605633802817 0.558
0.6667605633802817 0.617
0.6611267605633803 0.629
0.6611267605633803 0.566
0.6611267605633803 0.558
0.6611267605633803 0.581
0.6611267605633803 0.55
0.6611267605633803 0.588
0.6611267605633803 0.584
0.6611267605633803 0.588
0.6611267605633803 0.588
0.6611267605633803 0.556
0.6723943661971831 0.559
0.6723943661971831 0.59
0.6723943661971831 0.584
0.6723943661971831 0.584
0.6723943661971831 0.601
0.6723943661971831 0.555
0.6723943661971831 0.578
0.6723943661971831 0.549
0.6723943661971831 0.599
0.6723943661971831 0.579
0.6780281690140846 0.58
0.6780281690140846 0.621
0.6780281690140846 0.548
0.6780281690140846 0.609
0.6780281690140846 0.607
0.6780281690140846 0.599
0.6780281690140846 0.605
0.6780281690140846 0.552
0.6780281690140846 0.588
0.6780281690140846 0.59
0.683661971830986 0.552
0.683661971830986 0.58
0.683661971830986 0.613
0.683661971830986 0.629
0.683661971830986 0.552
0.683661971830986 0.579
0.683661971830986 0.581
0.683661971830986 0.629
0.683661971830986 0.59
0.683661971830986 0.58
0.6949295774647888 0.607
0.6949295774647888 0.613
0.6949295774647888 0.553
0.6949295774647888 0.584
0.6949295774647888 0.58
0.6949295774647888 0.607
0.6949295774647888 0.579
0.6949295774647888 0.582
0.6949295774647888 0.558
0.6949295774647888 0.581
0.6892957746478874 0.588
0.6892957746478874 0.572
0.6892957746478874 0.637
0.6892957746478874 0.581
0.6892957746478874 0.569
0.6892957746478874 0.545
0.6892957746478874 0.581
0.6892957746478874 0.578
0.6892957746478874 0.547
0.6892957746478874 0.579
0.7061971830985916 0.599
0.7061971830985916 0.58
0.7061971830985916 0.572
0.7061971830985916 0.58
0.7061971830985916 0.59
0.7061971830985916 0.584
0.7061971830985916 0.584
0.7061971830985916 0.547
0.7061971830985916 0.58
0.7061971830985916 0.581
0.7005633802816902 0.59
0.7005633802816902 0.545
0.7005633802816902 0.588
0.7005633802816902 0.572
0.7005633802816902 0.557
0.7005633802816902 0.59
0.7005633802816902 0.578
0.7005633802816902 0.579
0.7005633802816902 0.582
0.7005633802816902 0.553
0.711830985915493 0.572
0.711830985915493 0.572
0.711830985915493 0.652
0.711830985915493 0.581
0.711830985915493 0.576
0.711830985915493 0.578
0.711830985915493 0.582
0.711830985915493 0.545
0.711830985915493 0.576
0.711830985915493 0.578
0.7230985915492958 0.548
0.7230985915492958 0.584
0.7230985915492958 0.582
0.7230985915492958 0.554
0.7230985915492958 0.578
0.7230985915492958 0.635
0.7230985915492958 0.621
0.7230985915492958 0.55
0.7230985915492958 0.579
0.7230985915492958 0.59
0.7287323943661972 0.58
0.7287323943661972 0.55
0.7287323943661972 0.576
0.7287323943661972 0.581
0.7287323943661972 0.562
0.7287323943661972 0.582
0.7287323943661972 0.619
0.7287323943661972 0.58
0.7287323943661972 0.582
0.7287323943661972 0.584
0.7174647887323944 0.581
0.7174647887323944 0.601
0.7174647887323944 0.582
0.7174647887323944 0.551
0.7174647887323944 0.58
0.7174647887323944 0.576
0.7174647887323944 0.579
0.7174647887323944 0.553
0.7174647887323944 0.579
0.7174647887323944 0.579
0.74 0.58
0.74 0.556
0.74 0.582
0.74 0.549
0.74 0.55
0.74 0.576
0.74 0.588
0.74 0.584
0.74 0.588
0.74 0.629
0.7343661971830986 0.617
0.7343661971830986 0.538
0.7343661971830986 0.545
0.7343661971830986 0.584
0.7343661971830986 0.588
0.7343661971830986 0.547
0.7343661971830986 0.584
0.7343661971830986 0.547
0.7343661971830986 0.59
0.7343661971830986 0.576
0.34 0.699
0.34 0.692
0.34 0.698
0.34 0.687
0.34 0.689
0.34 0.694
0.34 0.675
0.34 0.711
0.34 0.702
0.34 0.695
0.3512676056338028 0.666
0.3512676056338028 0.695
0.3512676056338028 0.685
0.3512676056338028 0.702
0.3512676056338028 0.697
0.3512676056338028 0.704
0.3512676056338028 0.697
0.3512676056338028 0.714
0.3512676056338028 0.67
0.3512676056338028 0.681
0.3456338028169014 0.678
0.3456338028169014 0.691
0.3456338028169014 0.67
0.3456338028169014 0.673
0.3456338028169014 0.691
0.3456338028169014 0.656
0.3456338028169014 0.677
0.3456338028169014 0.678
0.3456338028169014 0.668
0.3456338028169014 0.674
0.3794366197183099 0.663
0.3794366197183099 0.687
0.3794366197183099 0.646
0.3794366197183099 0.681
0.3794366197183099 0.678
0.3794366197183099 0.66
0.3794366197183099 0.67
0.3794366197183099 0.668
0.3794366197183099 0.68
0.3794366197183099 0.675
0.3569014084507042 0.697
0.3569014084507042 0.676
0.3569014084507042 0.676
0.3569014084507042 0.694
0.3569014084507042 0.689
0.3569014084507042 0.679
0.3569014084507042 0.692
0.3569014084507042 0.665
0.3569014084507042 0.662
0.3569014084507042 0.696
0.3738028169014085 0.661
0.3738028169014085 0.658
0.3738028169014085 0.674
0.3738028169014085 0.672
0.3738028169014085 0.685
0.3738028169014085 0.695
0.3738028169014085 0.674
0.3738028169014085 0.684
0.3738028169014085 0.678
0.3738028169014085 0.674
0.3625352112676057 0.687
0.3625352112676057 0.673
0.3625352112676057 0.693
0.3625352112676057 0.663
0.3625352112676057 0.674
0.3625352112676057 0.689
0.3625352112676057 0.693
0.3625352112676057 0.673
0.3625352112676057 0.687
0.3625352112676057 0.677
0.3850704225352113 0.651
0.3850704225352113 0.669
0.3850704225352113 0.659
0.3850704225352113 0.655
0.3850704225352113 0.67
0.3850704225352113 0.662
0.3850704225352113 0.669
0.3850704225352113 0.648
0.3850704225352113 0.644
0.3850704225352113 0.677
0.3963380281690141 0.653
0.3963380281690141 0.684
0.3963380281690141 0.651
0.3963380281690141 0.664
0.3963380281690141 0.653
0.3963380281690141 0.654
0.3963380281690141 0.661
0.3963380281690141 0.664
0.3963380281690141 0.647
0.3963380281690141 0.658
0.3907042253521127 0.681
0.3907042253521127 0.673
0.3907042253521127 0.643
0.3907042253521127 0.672
0.3907042253521127 0.671
0.3907042253521127 0.657
0.3907042253521127 0.664
0.3907042253521127 0.673
0.3907042253521127 0.677
0.3907042253521127 0.66
0.4019718309859155 0.648
0.4019718309859155 0.664
0.4019718309859155 0.659
0.4019718309859155 0.636
0.4019718309859155 0.649
0.4019718309859155 0.66
0.4019718309859155 0.679
0.4019718309859155 0.644
0.4019718309859155 0.67
0.4019718309859155 0.681
0.4076056338028169 0.666
0.4076056338028169 0.651
0.4076056338028169 0.667
0.4076056338028169 0.658
0.4076056338028169 0.667
0.4076056338028169 0.672
0.4076056338028169 0.667
0.4076056338028169 0.663
0.4076056338028169 0.657
0.4076056338028169 0.666
0.41887323943661975 0.66
0.41887323943661975 0.657
0.41887323943661975 0.647
0.41887323943661975 0.645
0.41887323943661975 0.651
0.41887323943661975 0.661
0.41887323943661975 0.656
0.41887323943661975 0.658
0.41887323943661975 0.639
0.41887323943661975 0.659
0.42450704225352115 0.652
0.42450704225352115 0.657
0.42450704225352115 0.656
0.42450704225352115 0.644
0.42450704225352115 0.637
0.42450704225352115 0.651
0.42450704225352115 0.643
0.42450704225352115 0.647
0.42450704225352115 0.651
0.42450704225352115 0.656
0.4132394366197183 0.644
0.4132394366197183 0.653
0.4132394366197183 0.638
0.4132394366197183 0.672
0.4132394366197183 0.659
0.4132394366197183 0.655
0.4132394366197183 0.651
0.4132394366197183 0.636
0.4132394366197183 0.677
0.4132394366197183 0.655
0.43014084507042255 0.652
0.43014084507042255 0.644
0.43014084507042255 0.65
0.43014084507042255 0.665
0.43014084507042255 0.656
0.43014084507042255 0.63
0.43014084507042255 0.644
0.43014084507042255 0.639
0.43014084507042255 0.639
0.43014084507042255 0.659
0.43577464788732395 0.663
0.43577464788732395 0.623
0.43577464788732395 0.652
0.43577464788732395 0.651
0.43577464788732395 0.656
0.43577464788732395 0.638
0.43577464788732395 0.649
0.43577464788732395 0.645
0.43577464788732395 0.649
0.43577464788732395 0.631
0.44140845070422535 0.651
0.44140845070422535 0.639
0.44140845070422535 0.655
0.44140845070422535 0.633
0.44140845070422535 0.658
0.44140845070422535 0.637
0.44140845070422535 0.64
0.44140845070422535 0.65
0.44140845070422535 0.639
0.44140845070422535 0.647
0.4470422535211268 0.641
0.4470422535211268 0.639
0.4470422535211268 0.623
0.4470422535211268 0.633
0.4470422535211268 0.615
0.4470422535211268 0.645
0.4470422535211268 0.634
0.4470422535211268 0.659
0.4470422535211268 0.634
0.4470422535211268 0.643
0.4583098591549296 0.646
0.4583098591549296 0.636
0.4583098591549296 0.619
0.4583098591549296 0.636
0.4583098591549296 0.645
0.4583098591549296 0.637
0.4583098591549296 0.634
0.4583098591549296 0.633
0.4583098591549296 0.637
0.4583098591549296 0.644
0.4526760563380282 0.647
0.4526760563380282 0.653
0.4526760563380282 0.642
0.4526760563380282 0.638
0.4526760563380282 0.638
0.4526760563380282 0.642
0.4526760563380282 0.657
0.4526760563380282 0.64
0.4526760563380282 0.656
0.4526760563380282 0.643
0.463943661971831 0.633
0.463943661971831 0.621
0.463943661971831 0.658
0.463943661971831 0.635
0.463943661971831 0.64
0.463943661971831 0.636
0.463943661971831 0.657
0.463943661971831 0.635
0.463943661971831 0.635
0.463943661971831 0.619
0.4695774647887324 0.633
0.4695774647887324 0.641
0.4695774647887324 0.63
0.4695774647887324 0.631
0.4695774647887324 0.633
0.4695774647887324 0.631
0.4695774647887324 0.633
0.4695774647887324 0.64
0.4695774647887324 0.64
0.4695774647887324 0.642
0.4752112676056338 0.659
0.4752112676056338 0.651
0.4752112676056338 0.615
0.4752112676056338 0.639
0.4752112676056338 0.619
0.4752112676056338 0.626
0.4752112676056338 0.632
0.4752112676056338 0.644
0.4752112676056338 0.641
0.4752112676056338 0.65
0.4864788732394366 0.626
0.4864788732394366 0.621
0.4864788732394366 0.616
0.4864788732394366 0.639
0.4864788732394366 0.627
0.4864788732394366 0.629
0.4864788732394366 0.644
0.4864788732394366 0.626
0.4864788732394366 0.629
0.4864788732394366 0.648
0.4808450704225352 0.634
0.4808450704225352 0.633
0.4808450704225352 0.62
0.4808450704225352 0.628
0.4808450704225352 0.638
0.4808450704225352 0.64
0.4808450704225352 0.642
0.4808450704225352 0.627
0.4808450704225352 0.641
0.4808450704225352 0.637
0.492112676056338 0.637
0.492112676056338 0.635
0.492112676056338 0.619
0.492112676056338 0.626
0.492112676056338 0.606
0.492112676056338 0.633
0.492112676056338 0.631
0.492112676056338 0.631
0.492112676056338 0.613
0.492112676056338 0.639
0.4977464788732394 0.62
0.4977464788732394 0.638
0.4977464788732394 0.62
0.4977464788732394 0.635
0.4977464788732394 0.648
0.4977464788732394 0.622
0.4977464788732394 0.629
0.4977464788732394 0.647
0.4977464788732394 0.618
0.4977464788732394 0.632
0.5090140845070423 0.621
0.5090140845070423 0.625
0.5090140845070423 0.624
0.5090140845070423 0.616
0.5090140845070423 0.627
0.5090140845070423 0.627
0.5090140845070423 0.622
0.5090140845070423 0.661
0.5090140845070423 0.615
0.5090140845070423 0.637
0.5033802816901408 0.609
0.5033802816901408 0.615
0.5033802816901408 0.638
0.5033802816901408 0.637
0.5033802816901408 0.628
0.5033802816901408 0.618
0.5033802816901408 0.634
0.5033802816901408 0.623
0.5033802816901408 0.635
0.5033802816901408 0.617
0.5146478873239437 0.61
0.5146478873239437 0.604
0.5146478873239437 0.635
0.5146478873239437 0.621
0.5146478873239437 0.623
0.5146478873239437 0.624
0.5146478873239437 0.619
0.5146478873239437 0.629
0.5146478873239437 0.617
0.5146478873239437 0.62
0.5202816901408451 0.638
0.5202816901408451 0.61
0.5202816901408451 0.634
0.5202816901408451 0.613
0.5202816901408451 0.618
0.5202816901408451 0.643
0.5202816901408451 0.627
0.5202816901408451 0.625
0.5202816901408451 0.637
0.5202816901408451 0.616
0.5315492957746479 0.622
0.5315492957746479 0.631
0.5315492957746479 0.607
0.5315492957746479 0.613
0.5315492957746479 0.629
0.5315492957746479 0.629
0.5315492957746479 0.639
0.5315492957746479 0.612
0.5315492957746479 0.614
0.5315492957746479 0.615
0.5371830985915493 0.602
0.5371830985915493 0.611
0.5371830985915493 0.619
0.5371830985915493 0.615
0.5371830985915493 0.62
0.5371830985915493 0.607
0.5371830985915493 0.614
0.5371830985915493 0.619
0.5371830985915493 0.625
0.5371830985915493 0.608
0.5259154929577465 0.628
0.5259154929577465 0.625
0.5259154929577465 0.625
0.5259154929577465 0.615
0.5259154929577465 0.611
0.5259154929577465 0.625
0.5259154929577465 0.638
0.5259154929577465 0.62
0.5259154929577465 0.623
0.5259154929577465 0.622
0.5484507042253521 0.605
0.5484507042253521 0.614
0.5484507042253521 0.621
0.5484507042253521 0.607
0.5484507042253521 0.612
0.5484507042253521 0.623
0.5484507042253521 0.611
0.5484507042253521 0.612
0.5484507042253521 0.605
0.5484507042253521 0.625
0.5428169014084507 0.61
0.5428169014084507 0.599
0.5428169014084507 0.641
0.5428169014084507 0.637
0.5428169014084507 0.611
0.5428169014084507 0.62
0.5428169014084507 0.617
0.5428169014084507 0.615
0.5428169014084507 0.626
0.5428169014084507 0.618
0.5597183098591549 0.613
0.5597183098591549 0.617
0.5597183098591549 0.613
0.5597183098591549 0.613
0.5597183098591549 0.607
0.5597183098591549 0.604
0.5597183098591549 0.614
0.5597183098591549 0.608
0.5597183098591549 0.606
0.5597183098591549 0.608
0.5540845070422535 0.632
0.5540845070422535 0.611
0.5540845070422535 0.607
0.5540845070422535 0.613
0.5540845070422535 0.602
0.5540845070422535 0.592
0.5540845070422535 0.619
0.5540845070422535 0.613
0.5540845070422535 0.626
0.5540845070422535 0.598
0.5766197183098591 0.617
0.5766197183098591 0.613
0.5766197183098591 0.636
0.5766197183098591 0.603
0.5766197183098591 0.623
0.5766197183098591 0.598
0.5766197183098591 0.601
0.5766197183098591 0.607
0.5766197183098591 0.616
0.5766197183098591 0.631
0.5822535211267605 0.613
0.5822535211267605 0.625
0.5822535211267605 0.607
0.5822535211267605 0.604
0.5822535211267605 0.616
0.5822535211267605 0.602
0.5822535211267605 0.609
0.5822535211267605 0.614
0.5822535211267605 0.612
0.5822535211267605 0.617
0.5653521126760563 0.619
0.5653521126760563 0.616
0.5653521126760563 0.603
0.5653521126760563 0.608
0.5653521126760563 0.607
0.5653521126760563 0.61
0.5653521126760563 0.607
0.5653521126760563 0.607
0.5653521126760563 0.612
0.5653521126760563 0.612
0.5709859154929577 0.599
0.5709859154929577 0.617
0.5709859154929577 0.609
0.5709859154929577 0.605
0.5709859154929577 0.61
0.5709859154929577 0.613
0.5709859154929577 0.607
0.5709859154929577 0.614
0.5709859154929577 0.606
0.5709859154929577 0.601
0.5878873239436619 0.596
0.5878873239436619 0.607
0.5878873239436619 0.599
0.5878873239436619 0.627
0.5878873239436619 0.601
0.5878873239436619 0.616
0.5878873239436619 0.611
0.5878873239436619 0.605
0.5878873239436619 0.621
0.5878873239436619 0.621
0.5991549295774647 0.653
0.5991549295774647 0.596
0.5991549295774647 0.597
0.5991549295774647 0.611
0.5991549295774647 0.633
0.5991549295774647 0.607
0.5991549295774647 0.601
0.5991549295774647 0.639
0.5991549295774647 0.621
0.5991549295774647 0.613
0.5935211267605633 0.611
0.5935211267605633 0.604
0.5935211267605633 0.611
0.5935211267605633 0.613
0.5935211267605633 0.598
0.5935211267605633 0.605
0.5935211267605633 0.594
0.5935211267605633 0.612
0.5935211267605633 0.629
0.5935211267605633 0.602
0.6047887323943661 0.616
0.6047887323943661 0.607
0.6047887323943661 0.601
0.6047887323943661 0.612
0.6047887323943661 0.637
0.6047887323943661 0.617
0.6047887323943661 0.649
0.6047887323943661 0.594
0.6047887323943661 0.617
0.6047887323943661 0.614
0.6104225352112675 0.617
0.6104225352112675 0.625
0.6104225352112675 0.602
0.6104225352112675 0.596
0.6104225352112675 0.604
0.6104225352112675 0.611
0.6104225352112675 0.584
0.6104225352112675 0.604
0.6104225352112675 0.59
0.6104225352112675 0.582
0.616056338028169 0.593
0.616056338028169 0.599
0.616056338028169 0.608
0.616056338028169 0.612
0.616056338028169 0.613
0.616056338028169 0.611
0.616056338028169 0.607
0.616056338028169 0.627
0.616056338028169 0.607
0.616056338028169 0.613
0.6273239436619718 0.601
0.6273239436619718 0.589
0.6273239436619718 0.604
0.6273239436619718 0.599
0.6273239436619718 0.612
0.6273239436619718 0.595
0.6273239436619718 0.601
0.6273239436619718 0.605
0.6273239436619718 0.59
0.6273239436619718 0.607
0.6216901408450703 0.625
0.6216901408450703 0.599
0.6216901408450703 0.611
0.6216901408450703 0.597
0.6216901408450703 0.604
0.6216901408450703 0.595
0.6216901408450703 0.611
0.6216901408450703 0.611
0.6216901408450703 0.598
0.6216901408450703 0.617
0.6329577464788732 0.593
0.6329577464788732 0.611
0.6329577464788732 0.607
0.6329577464788732 0.585
0.6329577464788732 0.59
0.6329577464788732 0.601
0.6329577464788732 0.609
0.6329577464788732 0.611
0.6329577464788732 0.615
0.6329577464788732 0.586
0.6442253521126761 0.605
0.6442253521126761 0.578
0.6442253521126761 0.604
0.6442253521126761 0.601
0.6442253521126761 0.619
0.6442253521126761 0.593
0.6442253521126761 0.588
0.6442253521126761 0.604
0.6442253521126761 0.579
0.6442253521126761 0.629
0.6385915492957747 0.599
0.6385915492957747 0.598
0.6385915492957747 0.59
0.6385915492957747 0.613
0.6385915492957747 0.605
0.6385915492957747 0.592
0.6385915492957747 0.59
0.6385915492957747 0.619
0.6385915492957747 0.59
0.6385915492957747 0.602
0.6498591549295775 0.599
0.6498591549295775 0.594
0.6498591549295775 0.619
0.6498591549295775 0.623
0.6498591549295775 0.599
0.6498591549295775 0.596
0.6498591549295775 0.59
0.6498591549295775 0.597
0.6498591549295775 0.602
0.6498591549295775 0.595
0.6611267605633803 0.586
0.6611267605633803 0.584
0.6611267605633803 0.609
0.6611267605633803 0.605
0.6611267605633803 0.585
0.6611267605633803 0.592
0.6611267605633803 0.644
0.6611267605633803 0.607
0.6611267605633803 0.59
0.6611267605633803 0.585
0.6554929577464789 0.617
0.6554929577464789 0.598
0.6554929577464789 0.59
0.6554929577464789 0.611
0.6554929577464789 0.601
0.6554929577464789 0.6
0.6554929577464789 0.584
0.6554929577464789 0.598
0.6554929577464789 0.59
0.6554929577464789 0.601
0.6667605633802817 0.607
0.6667605633802817 0.592
0.6667605633802817 0.597
0.6667605633802817 0.584
0.6667605633802817 0.601
0.6667605633802817 0.613
0.6667605633802817 0.605
0.6667605633802817 0.588
0.6667605633802817 0.601
0.6667605633802817 0.593
0.6723943661971831 0.601
0.6723943661971831 0.607
0.6723943661971831 0.594
0.6723943661971831 0.588
0.6723943661971831 0.591
0.6723943661971831 0.59
0.6723943661971831 0.595
0.6723943661971831 0.59
0.6723943661971831 0.583
0.6723943661971831 0.582
0.6780281690140846 0.592
0.6780281690140846 0.584
0.6780281690140846 0.623
0.6780281690140846 0.619
0.6780281690140846 0.594
0.6780281690140846 0.623
0.6780281690140846 0.637
0.6780281690140846 0.58
0.6780281690140846 0.599
0.6780281690140846 0.621
0.683661971830986 0.59
0.683661971830986 0.588
0.683661971830986 0.599
0.683661971830986 0.59
0.683661971830986 0.601
0.683661971830986 0.586
0.683661971830986 0.625
0.683661971830986 0.578
0.683661971830986 0.59
0.683661971830986 0.611
0.6949295774647888 0.599
0.6949295774647888 0.599
0.6949295774647888 0.605
0.6949295774647888 0.581
0.6949295774647888 0.613
0.6949295774647888 0.607
0.6949295774647888 0.611
0.6949295774647888 0.599
0.6949295774647888 0.588
0.6949295774647888 0.601
0.6892957746478874 0.605
0.6892957746478874 0.581
0.6892957746478874 0.587
0.6892957746478874 0.592
0.6892957746478874 0.586
0.6892957746478874 0.593
0.6892957746478874 0.591
0.6892957746478874 0.599
0.6892957746478874 0.588
0.6892957746478874 0.617
0.7061971830985916 0.581
0.7061971830985916 0.588
0.7061971830985916 0.621
0.7061971830985916 0.59
0.7061971830985916 0.584
0.7061971830985916 0.605
0.7061971830985916 0.584
0.7061971830985916 0.609
0.7061971830985916 0.576
0.7061971830985916 0.617
0.7005633802816902 0.588
0.7005633802816902 0.577
0.7005633802816902 0.607
0.7005633802816902 0.58
0.7005633802816902 0.611
0.7005633802816902 0.588
0.7005633802816902 0.59
0.7005633802816902 0.609
0.7005633802816902 0.59
0.7005633802816902 0.584
0.7174647887323944 0.617
0.7174647887323944 0.609
0.7174647887323944 0.579
0.7174647887323944 0.59
0.7174647887323944 0.58
0.7174647887323944 0.631
0.7174647887323944 0.583
0.7174647887323944 0.605
0.7174647887323944 0.607
0.7174647887323944 0.611
0.711830985915493 0.578
0.711830985915493 0.607
0.711830985915493 0.591
0.711830985915493 0.581
0.711830985915493 0.59
0.711830985915493 0.582
0.711830985915493 0.581
0.711830985915493 0.579
0.711830985915493 0.59
0.711830985915493 0.59
0.7287323943661972 0.572
0.7287323943661972 0.59
0.7287323943661972 0.613
0.7287323943661972 0.572
0.7287323943661972 0.599
0.7287323943661972 0.573
0.7287323943661972 0.588
0.7287323943661972 0.581
0.7287323943661972 0.582
0.7287323943661972 0.59
0.7343661971830986 0.588
0.7343661971830986 0.579
0.7343661971830986 0.579
0.7343661971830986 0.581
0.7343661971830986 0.578
0.7343661971830986 0.607
0.7343661971830986 0.625
0.7343661971830986 0.59
0.7343661971830986 0.582
0.7343661971830986 0.617
0.7230985915492958 0.576
0.7230985915492958 0.633
0.7230985915492958 0.601
0.7230985915492958 0.59
0.7230985915492958 0.576
0.7230985915492958 0.582
0.7230985915492958 0.581
0.7230985915492958 0.588
0.7230985915492958 0.579
0.7230985915492958 0.599
0.74 0.59
0.74 0.613
0.74 0.579
0.74 0.601
0.74 0.609
0.74 0.59
0.74 0.588
0.74 0.579
0.74 0.58
0.74 0.584
