0.0 1.0
0.0 1.0
0.0 1.0
0.0 1.0
0.0 1.0
0.0 1.0
0.0 1.0
0.0 1.0
0.0 1.0
0.0 1.0
0.0 1.0
0.0 1.0
0.0 1.0
0.0 1.0
0.0 1.0
0.0 1.0
0.0 1.0
0.0 1.0
0.0 1.0
0.0 1.0
0.008873239436619718 0.991
0.008873239436619718 0.989
0.008873239436619718 0.99
0.008873239436619718 0.994
0.008873239436619718 0.994
0.008873239436619718 0.996
0.008873239436619718 0.991
0.008873239436619718 0.994
0.008873239436619718 0.987
0.008873239436619718 0.99
0.005915492957746479 0.988
0.005915492957746479 1.0
0.005915492957746479 0.993
0.005915492957746479 0.992
0.005915492957746479 0.991
0.005915492957746479 0.996
0.005915492957746479 0.992
0.005915492957746479 0.995
0.005915492957746479 0.993
0.005915492957746479 0.998
0.020704225352112676 0.974
0.020704225352112676 0.974
0.020704225352112676 0.984
0.020704225352112676 0.978
0.020704225352112676 0.972
0.020704225352112676 0.977
0.020704225352112676 0.977
0.020704225352112676 0.973
0.020704225352112676 0.978
0.020704225352112676 0.972
0.0029577464788732395 1.0
0.0029577464788732395 0.997
0.0029577464788732395 0.996
0.0029577464788732395 1.0
0.0029577464788732395 1.0
0.0029577464788732395 0.999
0.0029577464788732395 0.997
0.0029577464788732395 1.0
0.0029577464788732395 0.996
0.0029577464788732395 0.996
0.011830985915492958 0.988
0.011830985915492958 0.984
0.011830985915492958 0.977
0.011830985915492958 0.993
0.011830985915492958 0.975
0.011830985915492958 0.986
0.011830985915492958 0.989
0.011830985915492958 0.986
0.011830985915492958 0.988
0.011830985915492958 0.986
0.014788732394366198 0.985
0.014788732394366198 0.979
0.014788732394366198 0.989
0.014788732394366198 0.994
0.014788732394366198 0.986
0.014788732394366198 0.983
0.014788732394366198 0.973
0.014788732394366198 0.985
0.014788732394366198 0.982
0.014788732394366198 0.982
0.023661971830985916 0.967
0.023661971830985916 0.977
0.023661971830985916 0.974
0.023661971830985916 0.959
0.023661971830985916 0.976
0.023661971830985916 0.965
0.023661971830985916 0.963
0.023661971830985916 0.967
0.023661971830985916 0.974
0.023661971830985916 0.976
0.017746478873239435 0.982
0.017746478873239435 0.981
0.017746478873239435 0.975
0.017746478873239435 0.972
0.017746478873239435 0.982
0.017746478873239435 0.97
0.017746478873239435 0.985
0.017746478873239435 0.982
0.017746478873239435 0.982
0.017746478873239435 0.989
0.029577464788732397 0.957
0.029577464788732397 0.958
0.029577464788732397 0.956
0.029577464788732397 0.961
0.029577464788732397 0.967
0.029577464788732397 0.962
0.029577464788732397 0.967
0.029577464788732397 0.955
0.029577464788732397 0.967
0.029577464788732397 0.968
0.026619718309859156 0.969
0.026619718309859156 0.969
0.026619718309859156 0.964
0.026619718309859156 0.965
0.026619718309859156 0.971
0.026619718309859156 0.957
0.026619718309859156 0.971
0.026619718309859156 0.959
0.026619718309859156 0.974
0.026619718309859156 0.973
0.032535211267605633 0.963
0.032535211267605633 0.961
0.032535211267605633 0.949
0.032535211267605633 0.957
0.032535211267605633 0.961
0.032535211267605633 0.96
0.032535211267605633 0.948
0.032535211267605633 0.955
0.032535211267605633 0.971
0.032535211267605633 0.947
0.03549295774647887 0.955
0.03549295774647887 0.955
0.03549295774647887 0.951
0.03549295774647887 0.959
0.03549295774647887 0.956
0.03549295774647887 0.956
0.03549295774647887 0.944
0.03549295774647887 0.949
0.03549295774647887 0.949
0.03549295774647887 0.955
0.038450704225352114 0.947
0.038450704225352114 0.958
0.038450704225352114 0.931
0.038450704225352114 0.933
0.038450704225352114 0.944
0.038450704225352114 0.941
0.038450704225352114 0.948
0.038450704225352114 0.958
0.038450704225352114 0.963
0.038450704225352114 0.945
0.04140845070422535 0.946
0.04140845070422535 0.947
0.04140845070422535 0.941
0.04140845070422535 0.931
0.04140845070422535 0.934
0.04140845070422535 0.948
0.04140845070422535 0.933
0.04140845070422535 0.935
0.04140845070422535 0.95
0.04140845070422535 0.939
0.044366197183098595 0.932
0.044366197183098595 0.943
0.044366197183098595 0.945
0.044366197183098595 0.934
0.044366197183098595 0.936
0.044366197183098595 0.929
0.044366197183098595 0.93
0.044366197183098595 0.915
0.044366197183098595 0.935
0.044366197183098595 0.942
0.04732394366197183 0.925
0.04732394366197183 0.939
0.04732394366197183 0.924
0.04732394366197183 0.919
0.04732394366197183 0.944
0.04732394366197183 0.928
0.04732394366197183 0.917
0.04732394366197183 0.923
0.04732394366197183 0.928
0.04732394366197183 0.915
0.05028169014084507 0.926
0.05028169014084507 0.935
0.05028169014084507 0.896
0.05028169014084507 0.914
0.05028169014084507 0.911
0.05028169014084507 0.924
0.05028169014084507 0.896
0.05028169014084507 0.908
0.05028169014084507 0.912
0.05028169014084507 0.924
0.05323943661971831 0.889
0.05323943661971831 0.911
0.05323943661971831 0.916
0.05323943661971831 0.916
0.05323943661971831 0.887
0.05323943661971831 0.923
0.05323943661971831 0.9
0.05323943661971831 0.901
0.05323943661971831 0.902
0.05323943661971831 0.884
0.05619718309859155 0.877
0.05619718309859155 0.878
0.05619718309859155 0.89
0.05619718309859155 0.846
0.05619718309859155 0.828
0.05619718309859155 0.9
0.05619718309859155 0.892
0.05619718309859155 0.877
0.05619718309859155 0.908
0.05619718309859155 0.87
0.06211267605633803 0.593
0.06211267605633803 0.788
0.06211267605633803 0.773
0.06211267605633803 0.696
0.06211267605633803 0.76
0.06211267605633803 0.654
0.06211267605633803 0.76
0.06211267605633803 0.814
0.06211267605633803 0.709
0.06211267605633803 0.728
0.05915492957746479 0.871
0.05915492957746479 0.868
0.05915492957746479 0.868
0.05915492957746479 0.793
0.05915492957746479 0.851
0.05915492957746479 0.694
0.05915492957746479 0.865
0.05915492957746479 0.834
0.05915492957746479 0.878
0.05915492957746479 0.662
0.06507042253521127 0.593
0.06507042253521127 0.676
0.06507042253521127 0.627
0.06507042253521127 0.606
0.06507042253521127 0.585
0.06507042253521127 0.609
0.06507042253521127 0.598
0.06507042253521127 0.608
0.06507042253521127 0.605
0.06507042253521127 0.611
0.06802816901408451 0.534
0.06802816901408451 0.58
0.06802816901408451 0.582
0.06802816901408451 0.635
0.06802816901408451 0.558
0.06802816901408451 0.557
0.06802816901408451 0.573
0.06802816901408451 0.594
0.06802816901408451 0.582
0.06802816901408451 0.53
0.07098591549295774 0.542
0.07098591549295774 0.546
0.07098591549295774 0.536
0.07098591549295774 0.527
0.07098591549295774 0.568
0.07098591549295774 0.538
0.07098591549295774 0.542
0.07098591549295774 0.543
0.07098591549295774 0.534
0.07098591549295774 0.538
0.07394366197183098 0.545
0.07394366197183098 0.527
0.07394366197183098 0.549
0.07394366197183098 0.52
0.07394366197183098 0.538
0.07394366197183098 0.537
0.07394366197183098 0.542
0.07394366197183098 0.535
0.07394366197183098 0.536
0.07394366197183098 0.535
0.07985915492957747 0.513
0.07985915492957747 0.519
0.07985915492957747 0.528
0.07985915492957747 0.522
0.07985915492957747 0.529
0.07985915492957747 0.51
0.07985915492957747 0.507
0.07985915492957747 0.504
0.07985915492957747 0.516
0.07985915492957747 0.529
0.07690140845070423 0.546
0.07690140845070423 0.511
0.07690140845070423 0.531
0.07690140845070423 0.519
0.07690140845070423 0.526
0.07690140845070423 0.516
0.07690140845070423 0.536
0.07690140845070423 0.528
0.07690140845070423 0.516
0.07690140845070423 0.509
0.0828169014084507 0.52
0.0828169014084507 0.512
0.0828169014084507 0.513
0.0828169014084507 0.524
0.0828169014084507 0.512
0.0828169014084507 0.525
0.0828169014084507 0.515
0.0828169014084507 0.513
0.0828169014084507 0.519
0.0828169014084507 0.508
0.08577464788732395 0.521
0.08577464788732395 0.517
0.08577464788732395 0.516
0.08577464788732395 0.513
0.08577464788732395 0.503
0.08577464788732395 0.503
0.08577464788732395 0.524
0.08577464788732395 0.518
0.08577464788732395 0.517
0.08577464788732395 0.498
0.08873239436619719 0.513
0.08873239436619719 0.511
0.08873239436619719 0.516
0.08873239436619719 0.506
0.08873239436619719 0.511
0.08873239436619719 0.516
0.08873239436619719 0.519
0.08873239436619719 0.517
0.08873239436619719 0.516
0.08873239436619719 0.501
0.09169014084507042 0.521
0.09169014084507042 0.517
0.09169014084507042 0.496
0.09169014084507042 0.524
0.09169014084507042 0.513
0.09169014084507042 0.502
0.09169014084507042 0.504
0.09169014084507042 0.499
0.09169014084507042 0.507
0.09169014084507042 0.509
0.09464788732394366 0.506
0.09464788732394366 0.488
0.09464788732394366 0.513
0.09464788732394366 0.502
0.09464788732394366 0.533
0.09464788732394366 0.506
0.09464788732394366 0.496
0.09464788732394366 0.498
0.09464788732394366 0.498
0.09464788732394366 0.516
0.09760563380281691 0.494
0.09760563380281691 0.5
0.09760563380281691 0.495
0.09760563380281691 0.504
0.09760563380281691 0.503
0.09760563380281691 0.5
0.09760563380281691 0.506
0.09760563380281691 0.499
0.09760563380281691 0.502
0.09760563380281691 0.502
0.10056338028169014 0.501
0.10056338028169014 0.488
0.10056338028169014 0.511
0.10056338028169014 0.499
0.10056338028169014 0.489
0.10056338028169014 0.513
0.10056338028169014 0.5
0.10056338028169014 0.5
0.10056338028169014 0.507
0.10056338028169014 0.509
0.10352112676056338 0.512
0.10352112676056338 0.495
0.10352112676056338 0.51
0.10352112676056338 0.497
0.10352112676056338 0.498
0.10352112676056338 0.527
0.10352112676056338 0.499
0.10352112676056338 0.495
0.10352112676056338 0.499
0.10352112676056338 0.512
0.10647887323943662 0.515
0.10647887323943662 0.5
0.10647887323943662 0.503
0.10647887323943662 0.506
0.10647887323943662 0.505
0.10647887323943662 0.505
0.10647887323943662 0.498
0.10647887323943662 0.514
0.10647887323943662 0.517
0.10647887323943662 0.499
0.10943661971830985 0.495
0.10943661971830985 0.501
0.10943661971830985 0.491
0.10943661971830985 0.501
0.10943661971830985 0.499
0.10943661971830985 0.506
0.10943661971830985 0.505
0.10943661971830985 0.514
0.10943661971830985 0.494
0.10943661971830985 0.498
0.11535211267605634 0.506
0.11535211267605634 0.496
0.11535211267605634 0.496
0.11535211267605634 0.507
0.11535211267605634 0.507
0.11535211267605634 0.497
0.11535211267605634 0.504
0.11535211267605634 0.505
0.11535211267605634 0.498
0.11535211267605634 0.494
0.1123943661971831 0.507
0.1123943661971831 0.508
0.1123943661971831 0.489
0.1123943661971831 0.497
0.1123943661971831 0.502
0.1123943661971831 0.496
0.1123943661971831 0.509
0.1123943661971831 0.51
0.1123943661971831 0.508
0.1123943661971831 0.493
0.11830985915492959 0.506
0.11830985915492959 0.505
0.11830985915492959 0.49
0.11830985915492959 0.509
0.11830985915492959 0.488
0.11830985915492959 0.495
0.11830985915492959 0.509
0.11830985915492959 0.509
0.11830985915492959 0.515
0.11830985915492959 0.503
