0.0 1.0
0.0 1.0
0.0 1.0
0.0 1.0
0.0 1.0
0.0 1.0
0.0 1.0
0.0 1.0
0.0 1.0
0.0 1.0
0.0029577464788732395 0.999
0.0029577464788732395 0.996
0.0029577464788732395 0.999
0.0029577464788732395 1.0
0.0029577464788732395 1.0
0.0029577464788732395 0.997
0.0029577464788732395 0.996
0.0029577464788732395 0.996
0.0029577464788732395 1.0
0.0029577464788732395 1.0
0.008873239436619718 0.992
0.008873239436619718 0.987
0.008873239436619718 0.989
0.008873239436619718 0.992
0.008873239436619718 0.997
0.008873239436619718 0.993
0.008873239436619718 0.986
0.008873239436619718 0.987
0.008873239436619718 0.991
0.008873239436619718 0.994
0.005915492957746479 0.995
0.005915492957746479 0.995
0.005915492957746479 0.995
0.005915492957746479 0.993
0.005915492957746479 0.99
0.005915492957746479 0.992
0.005915492957746479 0.992
0.005915492957746479 0.998
0.005915492957746479 0.996
0.005915492957746479 0.992
0.017746478873239435 0.97
0.017746478873239435 0.978
0.017746478873239435 0.973
0.017746478873239435 0.973
0.017746478873239435 0.983
0.017746478873239435 0.988
0.017746478873239435 0.978
0.017746478873239435 0.979
0.017746478873239435 0.968
0.017746478873239435 0.979
0.023661971830985916 0.971
0.023661971830985916 0.979
0.023661971830985916 0.967
0.023661971830985916 0.97
0.023661971830985916 0.969
0.023661971830985916 0.971
0.023661971830985916 0.962
0.023661971830985916 0.961
0.023661971830985916 0.978
0.023661971830985916 0.971
0.020704225352112676 0.982
0.020704225352112676 0.979
0.020704225352112676 0.965
0.020704225352112676 0.98
0.020704225352112676 0.972
0.020704225352112676 0.976
0.020704225352112676 0.966
0.020704225352112676 0.979
0.020704225352112676 0.968
0.020704225352112676 0.982
0.011830985915492958 0.981
0.011830985915492958 0.984
0.011830985915492958 0.989
0.011830985915492958 0.997
0.011830985915492958 0.987
0.011830985915492958 0.989
0.011830985915492958 0.988
0.011830985915492958 0.985
0.011830985915492958 0.982
0.011830985915492958 0.984
0.014788732394366198 0.984
0.014788732394366198 0.98
0.014788732394366198 0.988
0.014788732394366198 0.988
0.014788732394366198 0.989
0.014788732394366198 0.987
0.014788732394366198 0.979
0.014788732394366198 0.97
0.014788732394366198 0.979
0.014788732394366198 0.984
0.026619718309859156 0.964
0.026619718309859156 0.962
0.026619718309859156 0.976
0.026619718309859156 0.958
0.026619718309859156 0.967
0.026619718309859156 0.958
0.026619718309859156 0.963
0.026619718309859156 0.97
0.026619718309859156 0.967
0.026619718309859156 0.97
0.029577464788732397 0.964
0.029577464788732397 0.964
0.029577464788732397 0.966
0.029577464788732397 0.959
0.029577464788732397 0.961
0.029577464788732397 0.967
0.029577464788732397 0.952
0.029577464788732397 0.949
0.029577464788732397 0.964
0.029577464788732397 0.962
0.032535211267605633 0.95
0.032535211267605633 0.935
0.032535211267605633 0.949
0.032535211267605633 0.961
0.032535211267605633 0.951
0.032535211267605633 0.955
0.032535211267605633 0.949
0.032535211267605633 0.961
0.032535211267605633 0.962
0.032535211267605633 0.961
0.03549295774647887 0.955
0.03549295774647887 0.955
0.03549295774647887 0.933
0.03549295774647887 0.948
0.03549295774647887 0.954
0.03549295774647887 0.95
0.03549295774647887 0.944
0.03549295774647887 0.954
0.03549295774647887 0.938
0.03549295774647887 0.943
0.038450704225352114 0.924
0.038450704225352114 0.934
0.038450704225352114 0.936
0.038450704225352114 0.933
0.038450704225352114 0.958
0.038450704225352114 0.935
0.038450704225352114 0.946
0.038450704225352114 0.937
0.038450704225352114 0.95
0.038450704225352114 0.946
0.04140845070422535 0.942
0.04140845070422535 0.95
0.04140845070422535 0.929
0.04140845070422535 0.931
0.04140845070422535 0.943
0.04140845070422535 0.929
0.04140845070422535 0.943
0.04140845070422535 0.941
0.04140845070422535 0.928
0.04140845070422535 0.944
0.04732394366197183 0.892
0.04732394366197183 0.92
0.04732394366197183 0.863
0.04732394366197183 0.912
0.04732394366197183 0.881
0.04732394366197183 0.9
0.04732394366197183 0.884
0.04732394366197183 0.925
0.04732394366197183 0.905
0.04732394366197183 0.911
0.044366197183098595 0.903
0.044366197183098595 0.915
0.044366197183098595 0.906
0.044366197183098595 0.913
0.044366197183098595 0.936
0.044366197183098595 0.932
0.044366197183098595 0.939
0.044366197183098595 0.924
0.044366197183098595 0.916
0.044366197183098595 0.927
0.05028169014084507 0.782
0.05028169014084507 0.862
0.05028169014084507 0.889
0.05028169014084507 0.871
0.05028169014084507 0.894
0.05028169014084507 0.887
0.05028169014084507 0.857
0.05028169014084507 0.776
0.05028169014084507 0.831
0.05028169014084507 0.915
0.05323943661971831 0.757
0.05323943661971831 0.81
0.05323943661971831 0.801
0.05323943661971831 0.888
0.05323943661971831 0.726
0.05323943661971831 0.821
0.05323943661971831 0.782
0.05323943661971831 0.854
0.05323943661971831 0.668
0.05323943661971831 0.799
0.05619718309859155 0.691
0.05619718309859155 0.631
0.05619718309859155 0.68
0.05619718309859155 0.634
0.05619718309859155 0.766
0.05619718309859155 0.61
0.05619718309859155 0.629
0.05619718309859155 0.678
0.05619718309859155 0.605
0.05619718309859155 0.646
0.05915492957746479 0.603
0.05915492957746479 0.58
0.05915492957746479 0.58
0.05915492957746479 0.652
0.05915492957746479 0.579
0.05915492957746479 0.726
0.05915492957746479 0.571
0.05915492957746479 0.588
0.05915492957746479 0.579
0.05915492957746479 0.583
0.06211267605633803 0.59
0.06211267605633803 0.556
0.06211267605633803 0.555
0.06211267605633803 0.54
0.06211267605633803 0.55
0.06211267605633803 0.618
0.06211267605633803 0.572
0.06211267605633803 0.569
0.06211267605633803 0.562
0.06211267605633803 0.574
0.06507042253521127 0.558
0.06507042253521127 0.54
0.06507042253521127 0.547
0.06507042253521127 0.576
0.06507042253521127 0.529
0.06507042253521127 0.543
0.06507042253521127 0.558
0.06507042253521127 0.536
0.06507042253521127 0.539
0.06507042253521127 0.546
0.06802816901408451 0.549
0.06802816901408451 0.522
0.06802816901408451 0.517
0.06802816901408451 0.533
0.06802816901408451 0.53
0.06802816901408451 0.573
0.06802816901408451 0.545
0.06802816901408451 0.551
0.06802816901408451 0.526
0.06802816901408451 0.549
0.07098591549295774 0.522
0.07098591549295774 0.555
0.07098591549295774 0.553
0.07098591549295774 0.521
0.07098591549295774 0.524
0.07098591549295774 0.527
0.07098591549295774 0.544
0.07098591549295774 0.528
0.07098591549295774 0.543
0.07098591549295774 0.546
0.07690140845070423 0.518
0.07690140845070423 0.513
0.07690140845070423 0.526
0.07690140845070423 0.506
0.07690140845070423 0.515
0.07690140845070423 0.522
0.07690140845070423 0.534
0.07690140845070423 0.522
0.07690140845070423 0.518
0.07690140845070423 0.514
0.07985915492957747 0.528
0.07985915492957747 0.518
0.07985915492957747 0.529
0.07985915492957747 0.499
0.07985915492957747 0.512
0.07985915492957747 0.511
0.07985915492957747 0.506
0.07985915492957747 0.53
0.07985915492957747 0.515
0.07985915492957747 0.517
0.07394366197183098 0.542
0.07394366197183098 0.525
0.07394366197183098 0.503
0.07394366197183098 0.529
0.07394366197183098 0.509
0.07394366197183098 0.508
0.07394366197183098 0.527
0.07394366197183098 0.527
0.07394366197183098 0.508
0.07394366197183098 0.547
0.0828169014084507 0.536
0.0828169014084507 0.51
0.0828169014084507 0.519
0.0828169014084507 0.511
0.0828169014084507 0.524
0.0828169014084507 0.52
0.0828169014084507 0.518
0.0828169014084507 0.518
0.0828169014084507 0.498
0.0828169014084507 0.5
0.08577464788732395 0.51
0.08577464788732395 0.524
0.08577464788732395 0.51
0.08577464788732395 0.5
0.08577464788732395 0.504
0.08577464788732395 0.521
0.08577464788732395 0.51
0.08577464788732395 0.494
0.08577464788732395 0.495
0.08577464788732395 0.508
0.09464788732394366 0.531
0.09464788732394366 0.526
0.09464788732394366 0.504
0.09464788732394366 0.528
0.09464788732394366 0.491
0.09464788732394366 0.511
0.09464788732394366 0.542
0.09464788732394366 0.512
0.09464788732394366 0.517
0.09464788732394366 0.504
0.08873239436619719 0.518
0.08873239436619719 0.504
0.08873239436619719 0.519
0.08873239436619719 0.514
0.08873239436619719 0.494
0.08873239436619719 0.521
0.08873239436619719 0.513
0.08873239436619719 0.54
0.08873239436619719 0.503
0.08873239436619719 0.52
0.09169014084507042 0.495
0.09169014084507042 0.492
0.09169014084507042 0.515
0.09169014084507042 0.503
0.09169014084507042 0.501
0.09169014084507042 0.52
0.09169014084507042 0.499
0.09169014084507042 0.519
0.09169014084507042 0.517
0.09169014084507042 0.516
0.09760563380281691 0.502
0.09760563380281691 0.508
0.09760563380281691 0.507
0.09760563380281691 0.507
0.09760563380281691 0.518
0.09760563380281691 0.51
0.09760563380281691 0.5
0.09760563380281691 0.506
0.09760563380281691 0.502
0.09760563380281691 0.499
0.10056338028169014 0.509
0.10056338028169014 0.51
0.10056338028169014 0.51
0.10056338028169014 0.508
0.10056338028169014 0.511
0.10056338028169014 0.514
0.10056338028169014 0.5
0.10056338028169014 0.511
0.10056338028169014 0.511
0.10056338028169014 0.519
0.10943661971830985 0.498
0.10943661971830985 0.523
0.10943661971830985 0.512
0.10943661971830985 0.485
0.10943661971830985 0.495
0.10943661971830985 0.512
0.10943661971830985 0.496
0.10943661971830985 0.492
0.10943661971830985 0.504
0.10943661971830985 0.514
0.10647887323943662 0.512
0.10647887323943662 0.503
0.10647887323943662 0.491
0.10647887323943662 0.493
0.10647887323943662 0.526
0.10647887323943662 0.5
0.10647887323943662 0.499
0.10647887323943662 0.499
0.10647887323943662 0.507
0.10647887323943662 0.508
0.10352112676056338 0.509
0.10352112676056338 0.509
0.10352112676056338 0.503
0.10352112676056338 0.504
0.10352112676056338 0.515
0.10352112676056338 0.508
0.10352112676056338 0.515
0.10352112676056338 0.482
0.10352112676056338 0.508
0.10352112676056338 0.505
0.11535211267605634 0.515
0.11535211267605634 0.507
0.11535211267605634 0.512
0.11535211267605634 0.508
0.11535211267605634 0.52
0.11535211267605634 0.503
0.11535211267605634 0.512
0.11535211267605634 0.495
0.11535211267605634 0.503
0.11535211267605634 0.493
0.1123943661971831 0.512
0.1123943661971831 0.516
0.1123943661971831 0.512
0.1123943661971831 0.493
0.1123943661971831 0.502
0.1123943661971831 0.494
0.1123943661971831 0.515
0.1123943661971831 0.487
0.1123943661971831 0.502
0.1123943661971831 0.493
0.11830985915492959 0.5
0.11830985915492959 0.498
0.11830985915492959 0.504
0.11830985915492959 0.502
0.11830985915492959 0.503
0.11830985915492959 0.504
0.11830985915492959 0.504
0.11830985915492959 0.487
0.11830985915492959 0.496
0.11830985915492959 0.51
