0.0 0.5
0.0 0.5
0.0 0.505
0.0 0.5
0.0 0.5
0.0 0.5
0.0 0.5
0.0 0.5
0.0 0.5
0.0 0.5
0.0029577464788732395 0.5
0.0029577464788732395 0.5
0.0029577464788732395 0.5
0.0029577464788732395 0.5
0.0029577464788732395 0.5
0.0029577464788732395 0.495
0.0029577464788732395 0.489
0.0029577464788732395 0.505
0.0029577464788732395 0.495
0.0029577464788732395 0.5
0.017746478873239435 0.5
0.017746478873239435 0.5
0.017746478873239435 0.5
0.017746478873239435 0.5
0.017746478873239435 0.5
0.017746478873239435 0.491
0.017746478873239435 0.482
0.017746478873239435 0.5
0.017746478873239435 0.5
0.017746478873239435 0.5
0.005915492957746479 0.5
0.005915492957746479 0.5
0.005915492957746479 0.505
0.005915492957746479 0.5
0.005915492957746479 0.5
0.005915492957746479 0.509
0.005915492957746479 0.509
0.005915492957746479 0.5
0.005915492957746479 0.5
0.005915492957746479 0.5
0.011830985915492958 0.5
0.011830985915492958 0.5
0.011830985915492958 0.505
0.011830985915492958 0.5
0.011830985915492958 0.5
0.011830985915492958 0.495
0.011830985915492958 0.5
0.011830985915492958 0.5
0.011830985915492958 0.5
0.011830985915492958 0.509
0.014788732394366198 0.509
0.014788732394366198 0.511
0.014788732394366198 0.509
0.014788732394366198 0.5
0.014788732394366198 0.495
0.014788732394366198 0.5
0.014788732394366198 0.49
0.014788732394366198 0.51
0.014788732394366198 0.511
0.014788732394366198 0.5
0.008873239436619718 0.5
0.008873239436619718 0.5
0.008873239436619718 0.489
0.008873239436619718 0.49
0.008873239436619718 0.495
0.008873239436619718 0.505
0.008873239436619718 0.511
0.008873239436619718 0.509
0.008873239436619718 0.511
0.008873239436619718 0.5
0.020704225352112676 0.482
0.020704225352112676 0.505
0.020704225352112676 0.491
0.020704225352112676 0.505
0.020704225352112676 0.491
0.020704225352112676 0.509
0.020704225352112676 0.51
0.020704225352112676 0.495
0.020704225352112676 0.505
0.020704225352112676 0.5
0.023661971830985916 0.491
0.023661971830985916 0.505
0.023661971830985916 0.495
0.023661971830985916 0.51
0.023661971830985916 0.518
0.023661971830985916 0.499
0.023661971830985916 0.505
0.023661971830985916 0.5
0.023661971830985916 0.495
0.023661971830985916 0.5
0.038450704225352114 0.495
0.038450704225352114 0.482
0.038450704225352114 0.508
0.038450704225352114 0.5
0.038450704225352114 0.51
0.038450704225352114 0.509
0.038450704225352114 0.505
0.038450704225352114 0.505
0.038450704225352114 0.511
0.038450704225352114 0.5
0.029577464788732397 0.505
0.029577464788732397 0.511
0.029577464788732397 0.509
0.029577464788732397 0.495
0.029577464788732397 0.5
0.029577464788732397 0.511
0.029577464788732397 0.49
0.029577464788732397 0.509
0.029577464788732397 0.5
0.029577464788732397 0.511
0.03549295774647887 0.5
0.03549295774647887 0.501
0.03549295774647887 0.482
0.03549295774647887 0.5
0.03549295774647887 0.491
0.03549295774647887 0.495
0.03549295774647887 0.51
0.03549295774647887 0.51
0.03549295774647887 0.495
0.03549295774647887 0.51
0.032535211267605633 0.482
0.032535211267605633 0.505
0.032535211267605633 0.48
0.032535211267605633 0.5
0.032535211267605633 0.5
0.032535211267605633 0.49
0.032535211267605633 0.495
0.032535211267605633 0.509
0.032535211267605633 0.509
0.032535211267605633 0.491
0.026619718309859156 0.482
0.026619718309859156 0.511
0.026619718309859156 0.494
0.026619718309859156 0.49
0.026619718309859156 0.491
0.026619718309859156 0.5
0.026619718309859156 0.497
0.026619718309859156 0.491
0.026619718309859156 0.5
0.026619718309859156 0.495
0.04140845070422535 0.522
0.04140845070422535 0.49
0.04140845070422535 0.498
0.04140845070422535 0.5
0.04140845070422535 0.478
0.04140845070422535 0.482
0.04140845070422535 0.511
0.04140845070422535 0.51
0.04140845070422535 0.495
0.04140845070422535 0.49
0.04732394366197183 0.505
0.04732394366197183 0.509
0.04732394366197183 0.482
0.04732394366197183 0.509
0.04732394366197183 0.503
0.04732394366197183 0.505
0.04732394366197183 0.511
0.04732394366197183 0.521
0.04732394366197183 0.491
0.04732394366197183 0.489
0.044366197183098595 0.476
0.044366197183098595 0.518
0.044366197183098595 0.5
0.044366197183098595 0.505
0.044366197183098595 0.5
0.044366197183098595 0.49
0.044366197183098595 0.5
0.044366197183098595 0.484
0.044366197183098595 0.497
0.044366197183098595 0.494
0.05028169014084507 0.498
0.05028169014084507 0.5
0.05028169014084507 0.511
0.05028169014084507 0.495
0.05028169014084507 0.489
0.05028169014084507 0.51
0.05028169014084507 0.519
0.05028169014084507 0.478
0.05028169014084507 0.5
0.05028169014084507 0.519
0.05915492957746479 0.502
0.05915492957746479 0.5
0.05915492957746479 0.519
0.05915492957746479 0.51
0.05915492957746479 0.496
0.05915492957746479 0.513
0.05915492957746479 0.499
0.05915492957746479 0.491
0.05915492957746479 0.494
0.05915492957746479 0.5
0.05323943661971831 0.504
0.05323943661971831 0.489
0.05323943661971831 0.502
0.05323943661971831 0.499
0.05323943661971831 0.491
0.05323943661971831 0.505
0.05323943661971831 0.505
0.05323943661971831 0.51
0.05323943661971831 0.501
0.05323943661971831 0.509
0.05619718309859155 0.515
0.05619718309859155 0.51
0.05619718309859155 0.525
0.05619718309859155 0.507
0.05619718309859155 0.495
0.05619718309859155 0.495
0.05619718309859155 0.49
0.05619718309859155 0.491
0.05619718309859155 0.506
0.05619718309859155 0.509
0.06211267605633803 0.519
0.06211267605633803 0.51
0.06211267605633803 0.491
0.06211267605633803 0.513
0.06211267605633803 0.491
0.06211267605633803 0.507
0.06211267605633803 0.504
0.06211267605633803 0.489
0.06211267605633803 0.497
0.06211267605633803 0.491
0.06507042253521127 0.498
0.06507042253521127 0.51
0.06507042253521127 0.504
0.06507042253521127 0.48
0.06507042253521127 0.506
0.06507042253521127 0.501
0.06507042253521127 0.492
0.06507042253521127 0.499
0.06507042253521127 0.499
0.06507042253521127 0.509
0.07098591549295774 0.481
0.07098591549295774 0.507
0.07098591549295774 0.5
0.07098591549295774 0.513
0.07098591549295774 0.473
0.07098591549295774 0.509
0.07098591549295774 0.499
0.07098591549295774 0.511
0.07098591549295774 0.504
0.07098591549295774 0.5
0.06802816901408451 0.505
0.06802816901408451 0.496
0.06802816901408451 0.492
0.06802816901408451 0.503
0.06802816901408451 0.508
0.06802816901408451 0.495
0.06802816901408451 0.508
0.06802816901408451 0.504
0.06802816901408451 0.518
0.06802816901408451 0.504
0.07394366197183098 0.507
0.07394366197183098 0.497
0.07394366197183098 0.505
0.07394366197183098 0.506
0.07394366197183098 0.495
0.07394366197183098 0.51
0.07394366197183098 0.484
0.07394366197183098 0.489
0.07394366197183098 0.516
0.07394366197183098 0.485
0.07690140845070423 0.509
0.07690140845070423 0.514
0.07690140845070423 0.5
0.07690140845070423 0.5
0.07690140845070423 0.491
0.07690140845070423 0.492
0.07690140845070423 0.499
0.07690140845070423 0.503
0.07690140845070423 0.496
0.07690140845070423 0.516
0.07985915492957747 0.476
0.07985915492957747 0.487
0.07985915492957747 0.51
0.07985915492957747 0.521
0.07985915492957747 0.505
0.07985915492957747 0.489
0.07985915492957747 0.509
0.07985915492957747 0.492
0.07985915492957747 0.483
0.07985915492957747 0.5
0.0828169014084507 0.503
0.0828169014084507 0.505
0.0828169014084507 0.506
0.0828169014084507 0.5
0.0828169014084507 0.509
0.0828169014084507 0.494
0.0828169014084507 0.485
0.0828169014084507 0.509
0.0828169014084507 0.494
0.0828169014084507 0.506
0.08577464788732395 0.496
0.08577464788732395 0.492
0.08577464788732395 0.506
0.08577464788732395 0.505
0.08577464788732395 0.507
0.08577464788732395 0.504
0.08577464788732395 0.496
0.08577464788732395 0.5
0.08577464788732395 0.48
0.08577464788732395 0.498
0.08873239436619719 0.517
0.08873239436619719 0.515
0.08873239436619719 0.499
0.08873239436619719 0.498
0.08873239436619719 0.505
0.08873239436619719 0.498
0.08873239436619719 0.503
0.08873239436619719 0.521
0.08873239436619719 0.524
0.08873239436619719 0.492
0.09169014084507042 0.521
0.09169014084507042 0.511
0.09169014084507042 0.489
0.09169014084507042 0.504
0.09169014084507042 0.499
0.09169014084507042 0.499
0.09169014084507042 0.485
0.09169014084507042 0.504
0.09169014084507042 0.502
0.09169014084507042 0.51
0.09464788732394366 0.486
0.09464788732394366 0.479
0.09464788732394366 0.495
0.09464788732394366 0.509
0.09464788732394366 0.511
0.09464788732394366 0.49
0.09464788732394366 0.492
0.09464788732394366 0.5
0.09464788732394366 0.494
0.09464788732394366 0.508
0.10056338028169014 0.5
0.10056338028169014 0.489
0.10056338028169014 0.495
0.10056338028169014 0.492
0.10056338028169014 0.494
0.10056338028169014 0.504
0.10056338028169014 0.513
0.10056338028169014 0.508
0.10056338028169014 0.5
0.10056338028169014 0.498
0.09760563380281691 0.49
0.09760563380281691 0.505
0.09760563380281691 0.503
0.09760563380281691 0.499
0.09760563380281691 0.493
0.09760563380281691 0.493
0.09760563380281691 0.506
0.09760563380281691 0.492
0.09760563380281691 0.497
0.09760563380281691 0.513
0.10352112676056338 0.507
0.10352112676056338 0.502
0.10352112676056338 0.497
0.10352112676056338 0.502
0.10352112676056338 0.497
0.10352112676056338 0.517
0.10352112676056338 0.492
0.10352112676056338 0.496
0.10352112676056338 0.5
0.10352112676056338 0.516
0.10647887323943662 0.515
0.10647887323943662 0.499
0.10647887323943662 0.491
0.10647887323943662 0.498
0.10647887323943662 0.493
0.10647887323943662 0.506
0.10647887323943662 0.508
0.10647887323943662 0.511
0.10647887323943662 0.501
0.10647887323943662 0.483
0.0029577464788732395 0.495
0.0029577464788732395 0.5
0.0029577464788732395 0.5
0.0029577464788732395 0.495
0.0029577464788732395 0.505
0.0029577464788732395 0.5
0.0029577464788732395 0.5
0.0029577464788732395 0.5
0.0029577464788732395 0.5
0.0029577464788732395 0.5
0.005915492957746479 0.5
0.005915492957746479 0.5
0.005915492957746479 0.495
0.005915492957746479 0.509
0.005915492957746479 0.5
0.005915492957746479 0.49
0.005915492957746479 0.495
0.005915492957746479 0.5
0.005915492957746479 0.505
0.005915492957746479 0.5
0.008873239436619718 0.5
0.008873239436619718 0.5
0.008873239436619718 0.5
0.008873239436619718 0.505
0.008873239436619718 0.5
0.008873239436619718 0.5
0.008873239436619718 0.5
0.008873239436619718 0.5
0.008873239436619718 0.5
0.008873239436619718 0.5
0.0 0.5
0.0 0.5
0.0 0.51
0.0 0.495
0.0 0.5
0.0 0.481
0.0 0.5
0.0 0.495
0.0 0.495
0.0 0.5
0.014788732394366198 0.495
0.014788732394366198 0.5
0.014788732394366198 0.491
0.014788732394366198 0.5
0.014788732394366198 0.5
0.014788732394366198 0.5
0.014788732394366198 0.5
0.014788732394366198 0.5
0.014788732394366198 0.505
0.014788732394366198 0.495
0.017746478873239435 0.5
0.017746478873239435 0.5
0.017746478873239435 0.5
0.017746478873239435 0.491
0.017746478873239435 0.518
0.017746478873239435 0.5
0.017746478873239435 0.51
0.017746478873239435 0.5
0.017746478873239435 0.51
0.017746478873239435 0.5
0.020704225352112676 0.49
0.020704225352112676 0.5
0.020704225352112676 0.5
0.020704225352112676 0.518
0.020704225352112676 0.489
0.020704225352112676 0.518
0.020704225352112676 0.5
0.020704225352112676 0.495
0.020704225352112676 0.5
0.020704225352112676 0.5
0.011830985915492958 0.49
0.011830985915492958 0.5
0.011830985915492958 0.5
0.011830985915492958 0.5
0.011830985915492958 0.5
0.011830985915492958 0.501
0.011830985915492958 0.505
0.011830985915492958 0.505
0.011830985915492958 0.5
0.011830985915492958 0.509
0.023661971830985916 0.509
0.023661971830985916 0.5
0.023661971830985916 0.505
0.023661971830985916 0.5
0.023661971830985916 0.5
0.023661971830985916 0.509
0.023661971830985916 0.5
0.023661971830985916 0.52
0.023661971830985916 0.507
0.023661971830985916 0.495
0.026619718309859156 0.509
0.026619718309859156 0.509
0.026619718309859156 0.5
0.026619718309859156 0.495
0.026619718309859156 0.5
0.026619718309859156 0.509
0.026619718309859156 0.481
0.026619718309859156 0.5
0.026619718309859156 0.509
0.026619718309859156 0.5
0.032535211267605633 0.482
0.032535211267605633 0.495
0.032535211267605633 0.505
0.032535211267605633 0.483
0.032535211267605633 0.5
0.032535211267605633 0.479
0.032535211267605633 0.495
0.032535211267605633 0.505
0.032535211267605633 0.505
0.032535211267605633 0.5
0.029577464788732397 0.491
0.029577464788732397 0.51
0.029577464788732397 0.505
0.029577464788732397 0.505
0.029577464788732397 0.5
0.029577464788732397 0.505
0.029577464788732397 0.5
0.029577464788732397 0.51
0.029577464788732397 0.495
0.029577464788732397 0.495
0.03549295774647887 0.496
0.03549295774647887 0.5
0.03549295774647887 0.522
0.03549295774647887 0.509
0.03549295774647887 0.518
0.03549295774647887 0.51
0.03549295774647887 0.495
0.03549295774647887 0.503
0.03549295774647887 0.51
0.03549295774647887 0.51
0.044366197183098595 0.51
0.044366197183098595 0.478
0.044366197183098595 0.503
0.044366197183098595 0.505
0.044366197183098595 0.505
0.044366197183098595 0.491
0.044366197183098595 0.507
0.044366197183098595 0.51
0.044366197183098595 0.495
0.044366197183098595 0.495
0.05028169014084507 0.519
0.05028169014084507 0.51
0.05028169014084507 0.5
0.05028169014084507 0.509
0.05028169014084507 0.491
0.05028169014084507 0.488
0.05028169014084507 0.509
0.05028169014084507 0.505
0.05028169014084507 0.489
0.05028169014084507 0.522
0.04140845070422535 0.5
0.04140845070422535 0.506
0.04140845070422535 0.5
0.04140845070422535 0.494
0.04140845070422535 0.495
0.04140845070422535 0.495
0.04140845070422535 0.495
0.04140845070422535 0.5
0.04140845070422535 0.501
0.04140845070422535 0.493
0.038450704225352114 0.477
0.038450704225352114 0.51
0.038450704225352114 0.491
0.038450704225352114 0.487
0.038450704225352114 0.529
0.038450704225352114 0.48
0.038450704225352114 0.51
0.038450704225352114 0.479
0.038450704225352114 0.491
0.038450704225352114 0.494
0.04732394366197183 0.491
0.04732394366197183 0.491
0.04732394366197183 0.502
0.04732394366197183 0.503
0.04732394366197183 0.511
0.04732394366197183 0.487
0.04732394366197183 0.5
0.04732394366197183 0.498
0.04732394366197183 0.498
0.04732394366197183 0.495
0.05323943661971831 0.498
0.05323943661971831 0.491
0.05323943661971831 0.5
0.05323943661971831 0.486
0.05323943661971831 0.495
0.05323943661971831 0.506
0.05323943661971831 0.487
0.05323943661971831 0.485
0.05323943661971831 0.484
0.05323943661971831 0.489
