0.3569014084507042 0.499
0.3569014084507042 0.501
0.3569014084507042 0.503
0.3569014084507042 0.511
0.3569014084507042 0.506
0.3569014084507042 0.497
0.3569014084507042 0.495
0.3569014084507042 0.5
0.3569014084507042 0.509
0.3569014084507042 0.494
0.3738028169014085 0.496
0.3738028169014085 0.508
0.3738028169014085 0.507
0.3738028169014085 0.491
0.3738028169014085 0.489
0.3738028169014085 0.495
0.3738028169014085 0.5
0.3738028169014085 0.496
0.3738028169014085 0.498
0.3738028169014085 0.505
0.3794366197183099 0.49
0.3794366197183099 0.493
0.3794366197183099 0.499
0.3794366197183099 0.485
0.3794366197183099 0.517
0.3794366197183099 0.503
0.3794366197183099 0.512
0.3794366197183099 0.499
0.3794366197183099 0.505
0.3794366197183099 0.501
0.34 0.501
0.34 0.502
0.34 0.507
0.34 0.498
0.34 0.499
0.34 0.501
0.34 0.493
0.34 0.5
0.34 0.487
0.34 0.5
0.3512676056338028 0.506
0.3512676056338028 0.514
0.3512676056338028 0.493
0.3512676056338028 0.506
0.3512676056338028 0.5
0.3512676056338028 0.508
0.3512676056338028 0.494
0.3512676056338028 0.489
0.3512676056338028 0.496
0.3512676056338028 0.507
0.3625352112676057 0.5
0.3625352112676057 0.498
0.3625352112676057 0.497
0.3625352112676057 0.507
0.3625352112676057 0.497
0.3625352112676057 0.501
0.3625352112676057 0.504
0.3625352112676057 0.516
0.3625352112676057 0.497
0.3625352112676057 0.498
0.3681690140845071 0.493
0.3681690140845071 0.491
0.3681690140845071 0.496
0.3681690140845071 0.494
0.3681690140845071 0.497
0.3681690140845071 0.494
0.3681690140845071 0.506
0.3681690140845071 0.497
0.3681690140845071 0.506
0.3681690140845071 0.514
0.3456338028169014 0.509
0.3456338028169014 0.497
0.3456338028169014 0.506
0.3456338028169014 0.498
0.3456338028169014 0.503
0.3456338028169014 0.499
0.3456338028169014 0.493
0.3456338028169014 0.505
0.3456338028169014 0.49
0.3456338028169014 0.498
0.3850704225352113 0.496
0.3850704225352113 0.493
0.3850704225352113 0.506
0.3850704225352113 0.499
0.3850704225352113 0.501
0.3850704225352113 0.499
0.3850704225352113 0.509
0.3850704225352113 0.503
0.3850704225352113 0.511
0.3850704225352113 0.505
0.3963380281690141 0.5
0.3963380281690141 0.489
0.3963380281690141 0.521
0.3963380281690141 0.502
0.3963380281690141 0.482
0.3963380281690141 0.494
0.3963380281690141 0.484
0.3963380281690141 0.496
0.3963380281690141 0.492
0.3963380281690141 0.514
0.3907042253521127 0.497
0.3907042253521127 0.496
0.3907042253521127 0.486
0.3907042253521127 0.513
0.3907042253521127 0.516
0.3907042253521127 0.5
0.3907042253521127 0.505
0.3907042253521127 0.492
0.3907042253521127 0.482
0.3907042253521127 0.506
0.4019718309859155 0.513
0.4019718309859155 0.506
0.4019718309859155 0.491
0.4019718309859155 0.499
0.4019718309859155 0.504
0.4019718309859155 0.499
0.4019718309859155 0.498
0.4019718309859155 0.506
0.4019718309859155 0.497
0.4019718309859155 0.499
0.4132394366197183 0.491
0.4132394366197183 0.492
0.4132394366197183 0.49
0.4132394366197183 0.513
0.4132394366197183 0.492
0.4132394366197183 0.492
0.4132394366197183 0.495
0.4132394366197183 0.504
0.4132394366197183 0.504
0.4132394366197183 0.498
0.4076056338028169 0.5
0.4076056338028169 0.5
0.4076056338028169 0.495
0.4076056338028169 0.5
0.4076056338028169 0.5
0.4076056338028169 0.493
0.4076056338028169 0.501
0.4076056338028169 0.5
0.4076056338028169 0.507
0.4076056338028169 0.495
0.41887323943661975 0.491
0.41887323943661975 0.496
0.41887323943661975 0.507
0.41887323943661975 0.508
0.41887323943661975 0.496
0.41887323943661975 0.497
0.41887323943661975 0.5
0.41887323943661975 0.503
0.41887323943661975 0.499
0.41887323943661975 0.491
0.42450704225352115 0.488
0.42450704225352115 0.494
0.42450704225352115 0.498
0.42450704225352115 0.496
0.42450704225352115 0.495
0.42450704225352115 0.486
0.42450704225352115 0.502
0.42450704225352115 0.5
0.42450704225352115 0.508
0.42450704225352115 0.499
0.43014084507042255 0.498
0.43014084507042255 0.504
0.43014084507042255 0.502
0.43014084507042255 0.491
0.43014084507042255 0.509
0.43014084507042255 0.509
0.43014084507042255 0.513
0.43014084507042255 0.488
0.43014084507042255 0.508
0.43014084507042255 0.496
0.43577464788732395 0.496
0.43577464788732395 0.503
0.43577464788732395 0.502
0.43577464788732395 0.51
0.43577464788732395 0.509
0.43577464788732395 0.495
0.43577464788732395 0.501
0.43577464788732395 0.502
0.43577464788732395 0.495
0.43577464788732395 0.513
0.44140845070422535 0.492
0.44140845070422535 0.499
0.44140845070422535 0.518
0.44140845070422535 0.489
0.44140845070422535 0.5
0.44140845070422535 0.501
0.44140845070422535 0.509
0.44140845070422535 0.499
0.44140845070422535 0.494
0.44140845070422535 0.506
0.4470422535211268 0.511
0.4470422535211268 0.497
0.4470422535211268 0.494
0.4470422535211268 0.509
0.4470422535211268 0.505
0.4470422535211268 0.501
0.4470422535211268 0.505
0.4470422535211268 0.507
0.4470422535211268 0.507
0.4470422535211268 0.515
0.4526760563380282 0.492
0.4526760563380282 0.496
0.4526760563380282 0.504
0.4526760563380282 0.49
0.4526760563380282 0.503
0.4526760563380282 0.499
0.4526760563380282 0.497
0.4526760563380282 0.5
0.4526760563380282 0.496
0.4526760563380282 0.486
0.4583098591549296 0.509
0.4583098591549296 0.497
0.4583098591549296 0.49
0.4583098591549296 0.491
0.4583098591549296 0.494
0.4583098591549296 0.498
0.4583098591549296 0.5
0.4583098591549296 0.501
0.4583098591549296 0.5
0.4583098591549296 0.497
0.0 1.0
0.0 1.0
0.0 1.0
0.0 1.0
0.0 1.0
0.0 1.0
0.0 1.0
0.0 1.0
0.0 1.0
0.0 1.0
0.0029577464788732395 1.0
0.0029577464788732395 0.997
0.0029577464788732395 0.997
0.0029577464788732395 1.0
0.0029577464788732395 0.997
0.0029577464788732395 0.997
0.0029577464788732395 0.995
0.0029577464788732395 0.995
0.0029577464788732395 0.995
0.0029577464788732395 0.994
0.020704225352112676 0.978
0.020704225352112676 0.972
0.020704225352112676 0.984
0.020704225352112676 0.967
0.020704225352112676 0.972
0.020704225352112676 0.979
0.020704225352112676 0.978
0.020704225352112676 0.978
0.020704225352112676 0.978
0.020704225352112676 0.975
0.008873239436619718 0.993
0.008873239436619718 0.992
0.008873239436619718 0.984
0.008873239436619718 0.987
0.008873239436619718 0.992
0.008873239436619718 0.991
0.008873239436619718 0.991
0.008873239436619718 0.993
0.008873239436619718 0.991
0.008873239436619718 0.999
0.017746478873239435 0.983
0.017746478873239435 0.977
0.017746478873239435 0.981
0.017746478873239435 0.971
0.017746478873239435 0.984
0.017746478873239435 0.978
0.017746478873239435 0.984
0.017746478873239435 0.978
0.017746478873239435 0.984
0.017746478873239435 0.976
0.014788732394366198 0.982
0.014788732394366198 0.989
0.014788732394366198 0.979
0.014788732394366198 0.984
0.014788732394366198 0.977
0.014788732394366198 0.988
0.014788732394366198 0.993
0.014788732394366198 0.98
0.014788732394366198 0.984
0.014788732394366198 0.982
0.023661971830985916 0.984
0.023661971830985916 0.975
0.023661971830985916 0.97
0.023661971830985916 0.964
0.023661971830985916 0.96
0.023661971830985916 0.98
0.023661971830985916 0.971
0.023661971830985916 0.964
0.023661971830985916 0.972
0.023661971830985916 0.962
0.011830985915492958 0.986
0.011830985915492958 0.989
0.011830985915492958 0.985
0.011830985915492958 0.984
0.011830985915492958 0.988
0.011830985915492958 0.993
0.011830985915492958 0.992
0.011830985915492958 0.987
0.011830985915492958 0.982
0.011830985915492958 0.981
0.005915492957746479 0.997
0.005915492957746479 0.991
0.005915492957746479 0.993
0.005915492957746479 0.99
0.005915492957746479 0.997
0.005915492957746479 0.992
0.005915492957746479 0.99
0.005915492957746479 0.996
0.005915492957746479 0.996
0.005915492957746479 0.991
0.026619718309859156 0.969
0.026619718309859156 0.964
0.026619718309859156 0.974
0.026619718309859156 0.971
0.026619718309859156 0.967
0.026619718309859156 0.965
0.026619718309859156 0.958
0.026619718309859156 0.966
0.026619718309859156 0.965
0.026619718309859156 0.966
0.029577464788732397 0.948
0.029577464788732397 0.963
0.029577464788732397 0.959
0.029577464788732397 0.956
0.029577464788732397 0.959
0.029577464788732397 0.964
0.029577464788732397 0.957
0.029577464788732397 0.959
0.029577464788732397 0.963
0.029577464788732397 0.957
0.032535211267605633 0.954
0.032535211267605633 0.956
0.032535211267605633 0.963
0.032535211267605633 0.949
0.032535211267605633 0.951
0.032535211267605633 0.953
0.032535211267605633 0.957
0.032535211267605633 0.964
0.032535211267605633 0.951
0.032535211267605633 0.953
0.03549295774647887 0.942
0.03549295774647887 0.967
0.03549295774647887 0.959
0.03549295774647887 0.945
0.03549295774647887 0.934
0.03549295774647887 0.954
0.03549295774647887 0.945
0.03549295774647887 0.936
0.03549295774647887 0.951
0.03549295774647887 0.954
0.038450704225352114 0.921
0.038450704225352114 0.943
0.038450704225352114 0.943
0.038450704225352114 0.943
0.038450704225352114 0.95
0.038450704225352114 0.943
0.038450704225352114 0.946
0.038450704225352114 0.937
0.038450704225352114 0.931
0.038450704225352114 0.949
0.04140845070422535 0.927
0.04140845070422535 0.938
0.04140845070422535 0.956
0.04140845070422535 0.949
0.04140845070422535 0.945
0.04140845070422535 0.934
0.04140845070422535 0.947
0.04140845070422535 0.929
0.04140845070422535 0.924
0.04140845070422535 0.939
0.044366197183098595 0.911
0.044366197183098595 0.92
0.044366197183098595 0.907
0.044366197183098595 0.899
0.044366197183098595 0.929
0.044366197183098595 0.909
0.044366197183098595 0.928
0.044366197183098595 0.92
0.044366197183098595 0.923
0.044366197183098595 0.909
0.04732394366197183 0.896
0.04732394366197183 0.891
0.04732394366197183 0.91
0.04732394366197183 0.933
0.04732394366197183 0.918
0.04732394366197183 0.895
0.04732394366197183 0.91
0.04732394366197183 0.924
0.04732394366197183 0.923
0.04732394366197183 0.911
0.05028169014084507 0.853
0.05028169014084507 0.886
0.05028169014084507 0.897
0.05028169014084507 0.851
0.05028169014084507 0.895
0.05028169014084507 0.852
0.05028169014084507 0.878
0.05028169014084507 0.864
0.05028169014084507 0.897
0.05028169014084507 0.878
0.05323943661971831 0.855
0.05323943661971831 0.756
0.05323943661971831 0.715
0.05323943661971831 0.798
0.05323943661971831 0.656
0.05323943661971831 0.826
0.05323943661971831 0.828
0.05323943661971831 0.787
0.05323943661971831 0.721
0.05323943661971831 0.787
0.05619718309859155 0.636
0.05619718309859155 0.645
0.05619718309859155 0.655
0.05619718309859155 0.646
0.05619718309859155 0.714
0.05619718309859155 0.709
0.05619718309859155 0.627
0.05619718309859155 0.711
0.05619718309859155 0.75
0.05619718309859155 0.624
0.05915492957746479 0.59
0.05915492957746479 0.647
0.05915492957746479 0.686
0.05915492957746479 0.637
0.05915492957746479 0.553
0.05915492957746479 0.594
0.05915492957746479 0.579
0.05915492957746479 0.566
0.05915492957746479 0.573
0.05915492957746479 0.627
0.06211267605633803 0.542
0.06211267605633803 0.585
0.06211267605633803 0.582
0.06211267605633803 0.587
0.06211267605633803 0.549
0.06211267605633803 0.572
0.06211267605633803 0.572
0.06211267605633803 0.562
0.06211267605633803 0.565
0.06211267605633803 0.562
0.06507042253521127 0.567
0.06507042253521127 0.54
0.06507042253521127 0.539
0.06507042253521127 0.584
0.06507042253521127 0.531
0.06507042253521127 0.566
0.06507042253521127 0.55
0.06507042253521127 0.536
0.06507042253521127 0.535
0.06507042253521127 0.543
0.07098591549295774 0.55
0.07098591549295774 0.551
0.07098591549295774 0.529
0.07098591549295774 0.549
0.07098591549295774 0.52
0.07098591549295774 0.518
0.07098591549295774 0.505
0.07098591549295774 0.541
0.07098591549295774 0.522
0.07098591549295774 0.576
0.06802816901408451 0.546
0.06802816901408451 0.551
0.06802816901408451 0.535
0.06802816901408451 0.526
0.06802816901408451 0.529
0.06802816901408451 0.54
0.06802816901408451 0.554
0.06802816901408451 0.542
0.06802816901408451 0.553
0.06802816901408451 0.531
0.07394366197183098 0.519
0.07394366197183098 0.527
0.07394366197183098 0.522
0.07394366197183098 0.537
0.07394366197183098 0.54
0.07394366197183098 0.529
0.07394366197183098 0.53
0.07394366197183098 0.515
0.07394366197183098 0.553
0.07394366197183098 0.532
0.07690140845070423 0.51
0.07690140845070423 0.536
0.07690140845070423 0.516
0.07690140845070423 0.503
0.07690140845070423 0.535
0.07690140845070423 0.52
0.07690140845070423 0.513
0.07690140845070423 0.523
0.07690140845070423 0.529
0.07690140845070423 0.496
0.07985915492957747 0.517
0.07985915492957747 0.509
0.07985915492957747 0.514
0.07985915492957747 0.51
0.07985915492957747 0.492
0.07985915492957747 0.526
0.07985915492957747 0.511
0.07985915492957747 0.507
0.07985915492957747 0.514
0.07985915492957747 0.52
0.0828169014084507 0.52
0.0828169014084507 0.502
0.0828169014084507 0.578
0.0828169014084507 0.539
0.0828169014084507 0.51
0.0828169014084507 0.52
0.0828169014084507 0.499
0.0828169014084507 0.501
0.0828169014084507 0.523
0.0828169014084507 0.524
0.08873239436619719 0.51
0.08873239436619719 0.493
0.08873239436619719 0.503
0.08873239436619719 0.501
0.08873239436619719 0.505
0.08873239436619719 0.505
0.08873239436619719 0.499
0.08873239436619719 0.52
0.08873239436619719 0.507
0.08873239436619719 0.518
0.08577464788732395 0.506
0.08577464788732395 0.519
0.08577464788732395 0.511
0.08577464788732395 0.502
0.08577464788732395 0.52
0.08577464788732395 0.503
0.08577464788732395 0.52
0.08577464788732395 0.5
0.08577464788732395 0.515
0.08577464788732395 0.524
0.09169014084507042 0.506
0.09169014084507042 0.521
0.09169014084507042 0.507
0.09169014084507042 0.506
0.09169014084507042 0.512
0.09169014084507042 0.515
0.09169014084507042 0.496
0.09169014084507042 0.495
0.09169014084507042 0.504
0.09169014084507042 0.504
0.09464788732394366 0.511
0.09464788732394366 0.518
0.09464788732394366 0.53
0.09464788732394366 0.52
0.09464788732394366 0.513
0.09464788732394366 0.507
0.09464788732394366 0.509
0.09464788732394366 0.501
0.09464788732394366 0.51
0.09464788732394366 0.511
0.09760563380281691 0.499
0.09760563380281691 0.521
0.09760563380281691 0.515
0.09760563380281691 0.511
0.09760563380281691 0.501
0.09760563380281691 0.507
0.09760563380281691 0.495
0.09760563380281691 0.508
0.09760563380281691 0.503
0.09760563380281691 0.497
0.10056338028169014 0.497
0.10056338028169014 0.492
0.10056338028169014 0.506
0.10056338028169014 0.515
0.10056338028169014 0.491
0.10056338028169014 0.515
0.10056338028169014 0.507
0.10056338028169014 0.504
0.10056338028169014 0.489
0.10056338028169014 0.502
0.10352112676056338 0.489
0.10352112676056338 0.507
0.10352112676056338 0.498
0.10352112676056338 0.511
0.10352112676056338 0.502
0.10352112676056338 0.501
0.10352112676056338 0.5
0.10352112676056338 0.486
0.10352112676056338 0.501
0.10352112676056338 0.511
0.10943661971830985 0.516
0.10943661971830985 0.511
0.10943661971830985 0.504
0.10943661971830985 0.498
0.10943661971830985 0.516
0.10943661971830985 0.508
0.10943661971830985 0.493
0.10943661971830985 0.495
0.10943661971830985 0.519
0.10943661971830985 0.505
0.10647887323943662 0.517
0.10647887323943662 0.52
0.10647887323943662 0.5
0.10647887323943662 0.496
0.10647887323943662 0.495
0.10647887323943662 0.498
0.10647887323943662 0.492
0.10647887323943662 0.515
0.10647887323943662 0.503
0.10647887323943662 0.502
0.1123943661971831 0.51
0.1123943661971831 0.503
0.1123943661971831 0.498
0.1123943661971831 0.512
0.1123943661971831 0.502
0.1123943661971831 0.501
0.1123943661971831 0.511
0.1123943661971831 0.506
0.1123943661971831 0.51
0.1123943661971831 0.495
0.11535211267605634 0.492
0.11535211267605634 0.502
0.11535211267605634 0.501
0.11535211267605634 0.5
0.11535211267605634 0.501
0.11535211267605634 0.512
0.11535211267605634 0.503
0.11535211267605634 0.51
0.11535211267605634 0.516
0.11535211267605634 0.501
0.11830985915492959 0.503
0.11830985915492959 0.489
0.11830985915492959 0.505
0.11830985915492959 0.507
0.11830985915492959 0.515
0.11830985915492959 0.501
0.11830985915492959 0.5
0.11830985915492959 0.493
0.11830985915492959 0.507
0.11830985915492959 0.495
