0.0 1.0
0.0 1.0
0.0 1.0
0.0 1.0
0.0 1.0
0.0 1.0
0.0 1.0
0.0 1.0
0.0 1.0
0.0 1.0
0.0030434782608695656 1.0
0.0030434782608695656 0.996
0.0030434782608695656 1.0
0.0030434782608695656 1.0
0.0030434782608695656 0.997
0.0030434782608695656 0.996
0.0030434782608695656 0.997
0.0030434782608695656 1.0
0.0030434782608695656 0.998
0.0030434782608695656 0.998
0.02130434782608696 0.977
0.02130434782608696 0.986
0.02130434782608696 0.979
0.02130434782608696 0.971
0.02130434782608696 0.984
0.02130434782608696 0.977
0.02130434782608696 0.977
0.02130434782608696 0.975
0.02130434782608696 0.983
0.02130434782608696 0.979
0.024347826086956525 0.972
0.024347826086956525 0.975
0.024347826086956525 0.979
0.024347826086956525 0.973
0.024347826086956525 0.98
0.024347826086956525 0.978
0.024347826086956525 0.975
0.024347826086956525 0.977
0.024347826086956525 0.977
0.024347826086956525 0.979
0.015217391304347828 0.983
0.015217391304347828 0.978
0.015217391304347828 0.988
0.015217391304347828 0.987
0.015217391304347828 0.985
0.015217391304347828 0.985
0.015217391304347828 0.987
0.015217391304347828 0.982
0.015217391304347828 0.983
0.015217391304347828 0.98
0.009130434782608696 0.991
0.009130434782608696 0.99
0.009130434782608696 0.988
0.009130434782608696 0.995
0.009130434782608696 0.991
0.009130434782608696 0.992
0.009130434782608696 0.995
0.009130434782608696 0.989
0.009130434782608696 0.99
0.009130434782608696 0.98
0.012173913043478262 0.983
0.012173913043478262 0.991
0.012173913043478262 0.989
0.012173913043478262 0.983
0.012173913043478262 0.985
0.012173913043478262 0.985
0.012173913043478262 0.983
0.012173913043478262 0.99
0.012173913043478262 0.986
0.012173913043478262 0.985
0.006086956521739131 0.998
0.006086956521739131 0.992
0.006086956521739131 0.988
0.006086956521739131 0.995
0.006086956521739131 0.996
0.006086956521739131 0.994
0.006086956521739131 0.994
0.006086956521739131 0.996
0.006086956521739131 0.997
0.006086956521739131 0.996
0.018260869565217393 0.993
0.018260869565217393 0.989
0.018260869565217393 0.982
0.018260869565217393 0.978
0.018260869565217393 0.985
0.018260869565217393 0.984
0.018260869565217393 0.978
0.018260869565217393 0.985
0.018260869565217393 0.984
0.018260869565217393 0.979
0.02739130434782609 0.965
0.02739130434782609 0.976
0.02739130434782609 0.977
0.02739130434782609 0.979
0.02739130434782609 0.98
0.02739130434782609 0.972
0.02739130434782609 0.965
0.02739130434782609 0.977
0.02739130434782609 0.969
0.02739130434782609 0.974
0.030434782608695657 0.965
0.030434782608695657 0.969
0.030434782608695657 0.964
0.030434782608695657 0.97
0.030434782608695657 0.967
0.030434782608695657 0.965
0.030434782608695657 0.979
0.030434782608695657 0.982
0.030434782608695657 0.97
0.030434782608695657 0.98
0.03347826086956522 0.969
0.03347826086956522 0.972
0.03347826086956522 0.965
0.03347826086956522 0.974
0.03347826086956522 0.965
0.03347826086956522 0.974
0.03347826086956522 0.961
0.03347826086956522 0.974
0.03347826086956522 0.968
0.03347826086956522 0.966
0.036521739130434785 0.962
0.036521739130434785 0.967
0.036521739130434785 0.947
0.036521739130434785 0.972
0.036521739130434785 0.96
0.036521739130434785 0.973
0.036521739130434785 0.968
0.036521739130434785 0.957
0.036521739130434785 0.97
0.036521739130434785 0.952
0.03956521739130435 0.958
0.03956521739130435 0.951
0.03956521739130435 0.963
0.03956521739130435 0.954
0.03956521739130435 0.967
0.03956521739130435 0.96
0.03956521739130435 0.955
0.03956521739130435 0.959
0.03956521739130435 0.963
0.03956521739130435 0.956
0.04260869565217392 0.964
0.04260869565217392 0.962
0.04260869565217392 0.963
0.04260869565217392 0.966
0.04260869565217392 0.958
0.04260869565217392 0.946
0.04260869565217392 0.953
0.04260869565217392 0.955
0.04260869565217392 0.955
0.04260869565217392 0.967
0.045652173913043485 0.959
0.045652173913043485 0.957
0.045652173913043485 0.951
0.045652173913043485 0.96
0.045652173913043485 0.955
0.045652173913043485 0.949
0.045652173913043485 0.946
0.045652173913043485 0.957
0.045652173913043485 0.955
0.045652173913043485 0.956
0.04869565217391305 0.954
0.04869565217391305 0.947
0.04869565217391305 0.966
0.04869565217391305 0.956
0.04869565217391305 0.952
0.04869565217391305 0.963
0.04869565217391305 0.967
0.04869565217391305 0.937
0.04869565217391305 0.961
0.04869565217391305 0.945
0.051739130434782614 0.954
0.051739130434782614 0.947
0.051739130434782614 0.954
0.051739130434782614 0.943
0.051739130434782614 0.956
0.051739130434782614 0.946
0.051739130434782614 0.953
0.051739130434782614 0.939
0.051739130434782614 0.954
0.051739130434782614 0.947
0.06391304347826088 0.946
0.06391304347826088 0.937
0.06391304347826088 0.932
0.06391304347826088 0.936
0.06391304347826088 0.923
0.06391304347826088 0.945
0.06391304347826088 0.935
0.06391304347826088 0.927
0.06391304347826088 0.934
0.06391304347826088 0.948
0.06695652173913044 0.928
0.06695652173913044 0.93
0.06695652173913044 0.935
0.06695652173913044 0.954
0.06695652173913044 0.931
0.06695652173913044 0.929
0.06695652173913044 0.935
0.06695652173913044 0.938
0.06695652173913044 0.94
0.06695652173913044 0.931
0.07 0.935
0.07 0.922
0.07 0.924
0.07 0.926
0.07 0.93
0.07 0.925
0.07 0.927
0.07 0.944
0.07 0.942
0.07 0.93
0.05478260869565218 0.958
0.05478260869565218 0.947
0.05478260869565218 0.943
0.05478260869565218 0.946
0.05478260869565218 0.949
0.05478260869565218 0.932
0.05478260869565218 0.938
0.05478260869565218 0.954
0.05478260869565218 0.935
0.05478260869565218 0.939
0.05782608695652175 0.939
0.05782608695652175 0.927
0.05782608695652175 0.946
0.05782608695652175 0.941
0.05782608695652175 0.943
0.05782608695652175 0.935
0.05782608695652175 0.927
0.05782608695652175 0.945
0.05782608695652175 0.941
0.05782608695652175 0.937
0.060869565217391314 0.944
0.060869565217391314 0.951
0.060869565217391314 0.948
0.060869565217391314 0.938
0.060869565217391314 0.931
0.060869565217391314 0.93
0.060869565217391314 0.944
0.060869565217391314 0.927
0.060869565217391314 0.935
0.060869565217391314 0.939
0.3573913043478261 0.659
0.3573913043478261 0.665
0.3573913043478261 0.662
0.3573913043478261 0.676
0.3573913043478261 0.677
0.3573913043478261 0.663
0.3573913043478261 0.668
0.3573913043478261 0.667
0.3573913043478261 0.633
0.3573913043478261 0.66
0.3617391304347826 0.656
0.3617391304347826 0.646
0.3617391304347826 0.669
0.3617391304347826 0.656
0.3617391304347826 0.662
0.3617391304347826 0.676
0.3617391304347826 0.649
0.3617391304347826 0.672
0.3617391304347826 0.644
0.3617391304347826 0.64
0.36608695652173917 0.663
0.36608695652173917 0.645
0.36608695652173917 0.65
0.36608695652173917 0.659
0.36608695652173917 0.648
0.36608695652173917 0.659
0.36608695652173917 0.66
0.36608695652173917 0.674
0.36608695652173917 0.662
0.36608695652173917 0.649
0.3443478260869565 0.683
0.3443478260869565 0.69
0.3443478260869565 0.689
0.3443478260869565 0.646
0.3443478260869565 0.687
0.3443478260869565 0.661
0.3443478260869565 0.693
0.3443478260869565 0.671
0.3443478260869565 0.678
0.3443478260869565 0.679
0.35304347826086957 0.691
0.35304347826086957 0.667
0.35304347826086957 0.67
0.35304347826086957 0.67
0.35304347826086957 0.648
0.35304347826086957 0.667
0.35304347826086957 0.672
0.35304347826086957 0.682
0.35304347826086957 0.66
0.35304347826086957 0.674
0.37043478260869567 0.659
0.37043478260869567 0.638
0.37043478260869567 0.647
0.37043478260869567 0.669
0.37043478260869567 0.681
0.37043478260869567 0.659
0.37043478260869567 0.662
0.37043478260869567 0.665
0.37043478260869567 0.64
0.37043478260869567 0.661
0.3486956521739131 0.668
0.3486956521739131 0.668
0.3486956521739131 0.686
0.3486956521739131 0.668
0.3486956521739131 0.677
0.3486956521739131 0.69
0.3486956521739131 0.682
0.3486956521739131 0.655
0.3486956521739131 0.659
0.3486956521739131 0.677
0.34 0.66
0.34 0.698
0.34 0.669
0.34 0.691
0.34 0.658
0.34 0.665
0.34 0.697
0.34 0.666
0.34 0.665
0.34 0.68
0.37478260869565216 0.664
0.37478260869565216 0.658
0.37478260869565216 0.655
0.37478260869565216 0.655
0.37478260869565216 0.641
0.37478260869565216 0.656
0.37478260869565216 0.668
0.37478260869565216 0.649
0.37478260869565216 0.651
0.37478260869565216 0.665
0.3791304347826087 0.64
0.3791304347826087 0.648
0.3791304347826087 0.673
0.3791304347826087 0.657
0.3791304347826087 0.653
0.3791304347826087 0.637
0.3791304347826087 0.662
0.3791304347826087 0.64
0.3791304347826087 0.649
0.3791304347826087 0.662
0.38782608695652177 0.65
0.38782608695652177 0.635
0.38782608695652177 0.636
0.38782608695652177 0.648
0.38782608695652177 0.645
0.38782608695652177 0.685
0.38782608695652177 0.639
0.38782608695652177 0.644
0.38782608695652177 0.637
0.38782608695652177 0.655
0.3834782608695652 0.657
0.3834782608695652 0.625
0.3834782608695652 0.664
0.3834782608695652 0.635
0.3834782608695652 0.652
0.3834782608695652 0.661
0.3834782608695652 0.651
0.3834782608695652 0.647
0.3834782608695652 0.63
0.3834782608695652 0.647
0.39217391304347826 0.632
0.39217391304347826 0.644
0.39217391304347826 0.644
0.39217391304347826 0.658
0.39217391304347826 0.638
0.39217391304347826 0.64
0.39217391304347826 0.653
0.39217391304347826 0.631
0.39217391304347826 0.648
0.39217391304347826 0.674
0.40521739130434786 0.639
0.40521739130434786 0.65
0.40521739130434786 0.635
0.40521739130434786 0.625
0.40521739130434786 0.644
0.40521739130434786 0.65
0.40521739130434786 0.642
0.40521739130434786 0.646
0.40521739130434786 0.649
0.40521739130434786 0.641
0.4008695652173913 0.609
0.4008695652173913 0.64
0.4008695652173913 0.633
0.4008695652173913 0.679
0.4008695652173913 0.634
0.4008695652173913 0.639
0.4008695652173913 0.651
0.4008695652173913 0.635
0.4008695652173913 0.641
0.4008695652173913 0.632
0.3965217391304348 0.631
0.3965217391304348 0.646
0.3965217391304348 0.649
0.3965217391304348 0.64
0.3965217391304348 0.644
0.3965217391304348 0.631
0.3965217391304348 0.644
0.3965217391304348 0.654
0.3965217391304348 0.654
0.3965217391304348 0.618
0.40956521739130436 0.638
0.40956521739130436 0.631
0.40956521739130436 0.638
0.40956521739130436 0.625
0.40956521739130436 0.617
0.40956521739130436 0.625
0.40956521739130436 0.643
0.40956521739130436 0.634
0.40956521739130436 0.639
0.40956521739130436 0.648
0.42695652173913046 0.616
0.42695652173913046 0.629
0.42695652173913046 0.643
0.42695652173913046 0.625
0.42695652173913046 0.63
0.42695652173913046 0.632
0.42695652173913046 0.62
0.42695652173913046 0.632
0.42695652173913046 0.611
0.42695652173913046 0.61
0.41391304347826086 0.614
0.41391304347826086 0.647
0.41391304347826086 0.643
0.41391304347826086 0.628
0.41391304347826086 0.622
0.41391304347826086 0.635
0.41391304347826086 0.619
0.41391304347826086 0.647
0.41391304347826086 0.611
0.41391304347826086 0.619
0.4182608695652174 0.649
0.4182608695652174 0.611
0.4182608695652174 0.657
0.4182608695652174 0.634
0.4182608695652174 0.631
0.4182608695652174 0.635
0.4182608695652174 0.638
0.4182608695652174 0.618
0.4182608695652174 0.62
0.4182608695652174 0.639
0.4226086956521739 0.632
0.4226086956521739 0.628
0.4226086956521739 0.632
0.4226086956521739 0.622
0.4226086956521739 0.625
0.4226086956521739 0.651
0.4226086956521739 0.626
0.4226086956521739 0.645
0.4226086956521739 0.622
0.4226086956521739 0.635
0.43565217391304345 0.616
0.43565217391304345 0.628
0.43565217391304345 0.632
0.43565217391304345 0.615
0.43565217391304345 0.635
0.43565217391304345 0.617
0.43565217391304345 0.617
0.43565217391304345 0.618
0.43565217391304345 0.625
0.43565217391304345 0.64
0.43130434782608695 0.624
0.43130434782608695 0.621
0.43130434782608695 0.62
0.43130434782608695 0.629
0.43130434782608695 0.619
0.43130434782608695 0.623
0.43130434782608695 0.639
0.43130434782608695 0.629
0.43130434782608695 0.626
0.43130434782608695 0.619
0.44 0.609
0.44 0.64
0.44 0.635
0.44 0.621
0.44 0.642
0.44 0.64
0.44 0.631
0.44 0.626
0.44 0.604
0.44 0.642
0.47043478260869565 0.629
0.47043478260869565 0.61
0.47043478260869565 0.625
0.47043478260869565 0.612
0.47043478260869565 0.602
0.47043478260869565 0.627
0.47043478260869565 0.607
0.47043478260869565 0.611
0.47043478260869565 0.623
0.47043478260869565 0.633
0.46608695652173915 0.617
0.46608695652173915 0.615
0.46608695652173915 0.608
0.46608695652173915 0.602
0.46608695652173915 0.62
0.46608695652173915 0.617
0.46608695652173915 0.611
0.46608695652173915 0.598
0.46608695652173915 0.635
0.46608695652173915 0.602
0.4443478260869565 0.652
0.4443478260869565 0.622
0.4443478260869565 0.615
0.4443478260869565 0.613
0.4443478260869565 0.607
0.4443478260869565 0.622
0.4443478260869565 0.635
0.4443478260869565 0.626
0.4443478260869565 0.621
0.4443478260869565 0.644
0.44869565217391305 0.615
0.44869565217391305 0.607
0.44869565217391305 0.63
0.44869565217391305 0.623
0.44869565217391305 0.632
0.44869565217391305 0.628
0.44869565217391305 0.635
0.44869565217391305 0.615
0.44869565217391305 0.63
0.44869565217391305 0.628
0.45304347826086955 0.623
0.45304347826086955 0.616
0.45304347826086955 0.621
0.45304347826086955 0.618
0.45304347826086955 0.62
0.45304347826086955 0.61
0.45304347826086955 0.616
0.45304347826086955 0.635
0.45304347826086955 0.614
0.45304347826086955 0.606
0.4617391304347826 0.629
0.4617391304347826 0.623
0.4617391304347826 0.638
0.4617391304347826 0.595
0.4617391304347826 0.615
0.4617391304347826 0.601
0.4617391304347826 0.618
0.4617391304347826 0.617
0.4617391304347826 0.637
0.4617391304347826 0.617
0.4573913043478261 0.621
0.4573913043478261 0.625
0.4573913043478261 0.614
0.4573913043478261 0.618
0.4573913043478261 0.617
0.4573913043478261 0.619
0.4573913043478261 0.629
0.4573913043478261 0.615
0.4573913043478261 0.635
0.4573913043478261 0.617
0.44 0.637
0.44 0.62
0.44 0.621
0.44 0.631
0.44 0.609
0.44 0.621
0.44 0.63
0.44 0.636
0.44 0.623
0.44 0.629
0.4747826086956522 0.604
0.4747826086956522 0.617
0.4747826086956522 0.652
0.4747826086956522 0.61
0.4747826086956522 0.641
0.4747826086956522 0.644
0.4747826086956522 0.625
0.4747826086956522 0.616
0.4747826086956522 0.608
0.4747826086956522 0.612
0.4791304347826087 0.598
0.4791304347826087 0.607
0.4791304347826087 0.613
0.4791304347826087 0.615
0.4791304347826087 0.615
0.4791304347826087 0.613
0.4791304347826087 0.652
0.4791304347826087 0.606
0.4791304347826087 0.607
0.4791304347826087 0.607
0.48782608695652174 0.599
0.48782608695652174 0.605
0.48782608695652174 0.595
0.48782608695652174 0.607
0.48782608695652174 0.616
0.48782608695652174 0.607
0.48782608695652174 0.623
0.48782608695652174 0.621
0.48782608695652174 0.612
0.48782608695652174 0.599
0.5008695652173913 0.629
0.5008695652173913 0.627
0.5008695652173913 0.644
0.5008695652173913 0.607
0.5008695652173913 0.609
0.5008695652173913 0.588
0.5008695652173913 0.623
0.5008695652173913 0.595
0.5008695652173913 0.601
0.5008695652173913 0.613
0.4965217391304348 0.631
0.4965217391304348 0.61
0.4965217391304348 0.603
0.4965217391304348 0.609
0.4965217391304348 0.583
0.4965217391304348 0.649
0.4965217391304348 0.607
0.4965217391304348 0.615
0.4965217391304348 0.59
0.4965217391304348 0.578
0.4921739130434783 0.609
0.4921739130434783 0.609
0.4921739130434783 0.61
0.4921739130434783 0.609
0.4921739130434783 0.614
0.4921739130434783 0.617
0.4921739130434783 0.629
0.4921739130434783 0.625
0.4921739130434783 0.601
0.4921739130434783 0.605
0.48347826086956525 0.597
0.48347826086956525 0.606
0.48347826086956525 0.581
0.48347826086956525 0.602
0.48347826086956525 0.596
0.48347826086956525 0.604
0.48347826086956525 0.631
0.48347826086956525 0.604
0.48347826086956525 0.601
0.48347826086956525 0.608
0.5052173913043478 0.602
0.5052173913043478 0.609
0.5052173913043478 0.599
0.5052173913043478 0.601
0.5052173913043478 0.6
0.5052173913043478 0.613
0.5052173913043478 0.629
0.5052173913043478 0.595
0.5052173913043478 0.586
0.5052173913043478 0.607
0.5095652173913043 0.6
0.5095652173913043 0.599
0.5095652173913043 0.601
0.5095652173913043 0.605
0.5095652173913043 0.613
0.5095652173913043 0.629
0.5095652173913043 0.62
0.5095652173913043 0.604
0.5095652173913043 0.63
0.5095652173913043 0.617
0.5182608695652174 0.588
0.5182608695652174 0.611
0.5182608695652174 0.587
0.5182608695652174 0.577
0.5182608695652174 0.599
0.5182608695652174 0.584
0.5182608695652174 0.627
0.5182608695652174 0.592
0.5182608695652174 0.596
0.5182608695652174 0.606
0.513913043478261 0.607
0.513913043478261 0.601
0.513913043478261 0.608
0.513913043478261 0.607
0.513913043478261 0.609
0.513913043478261 0.609
0.513913043478261 0.603
0.513913043478261 0.593
0.513913043478261 0.594
0.513913043478261 0.59
0.5226086956521739 0.601
0.5226086956521739 0.605
0.5226086956521739 0.606
0.5226086956521739 0.607
0.5226086956521739 0.601
0.5226086956521739 0.582
0.5226086956521739 0.592
0.5226086956521739 0.607
0.5226086956521739 0.59
0.5226086956521739 0.59
0.5269565217391304 0.631
0.5269565217391304 0.592
0.5269565217391304 0.589
0.5269565217391304 0.59
0.5269565217391304 0.602
0.5269565217391304 0.578
0.5269565217391304 0.607
0.5269565217391304 0.591
0.5269565217391304 0.623
0.5269565217391304 0.607
0.531304347826087 0.609
0.531304347826087 0.597
0.531304347826087 0.607
0.531304347826087 0.584
0.531304347826087 0.59
0.531304347826087 0.595
0.531304347826087 0.597
0.531304347826087 0.581
0.531304347826087 0.585
0.531304347826087 0.601
0.54 0.607
0.54 0.601
0.54 0.602
0.54 0.607
0.54 0.588
0.54 0.595
0.54 0.594
0.54 0.603
0.54 0.595
0.54 0.623
0.5356521739130435 0.591
0.5356521739130435 0.6
0.5356521739130435 0.605
0.5356521739130435 0.607
0.5356521739130435 0.602
0.5356521739130435 0.605
0.5356521739130435 0.588
0.5356521739130435 0.591
0.5356521739130435 0.608
0.5356521739130435 0.582
0.5443478260869565 0.599
0.5443478260869565 0.605
0.5443478260869565 0.644
0.5443478260869565 0.586
0.5443478260869565 0.641
0.5443478260869565 0.629
0.5443478260869565 0.599
0.5443478260869565 0.609
0.5443478260869565 0.581
0.5443478260869565 0.582
0.5617391304347826 0.588
0.5617391304347826 0.609
0.5617391304347826 0.584
0.5617391304347826 0.59
0.5617391304347826 0.592
0.5617391304347826 0.605
0.5617391304347826 0.59
0.5617391304347826 0.576
0.5617391304347826 0.609
0.5617391304347826 0.593
0.5660869565217391 0.577
0.5660869565217391 0.584
0.5660869565217391 0.59
0.5660869565217391 0.581
0.5660869565217391 0.617
0.5660869565217391 0.605
0.5660869565217391 0.583
0.5660869565217391 0.579
0.5660869565217391 0.587
0.5660869565217391 0.601
0.548695652173913 0.582
0.548695652173913 0.587
0.548695652173913 0.589
0.548695652173913 0.581
0.548695652173913 0.581
0.548695652173913 0.58
0.548695652173913 0.588
0.548695652173913 0.619
0.548695652173913 0.627
0.548695652173913 0.588
0.54 0.607
0.54 0.59
0.54 0.601
0.54 0.589
0.54 0.579
0.54 0.597
0.54 0.578
0.54 0.633
0.54 0.579
0.54 0.6
0.5530434782608696 0.609
0.5530434782608696 0.584
0.5530434782608696 0.59
0.5530434782608696 0.572
0.5530434782608696 0.585
0.5530434782608696 0.574
0.5530434782608696 0.593
0.5530434782608696 0.599
0.5530434782608696 0.617
0.5530434782608696 0.605
0.5704347826086957 0.59
0.5704347826086957 0.601
0.5704347826086957 0.601
0.5704347826086957 0.582
0.5704347826086957 0.57
0.5704347826086957 0.582
0.5704347826086957 0.569
0.5704347826086957 0.591
0.5704347826086957 0.609
0.5704347826086957 0.588
0.5573913043478261 0.59
0.5573913043478261 0.587
0.5573913043478261 0.599
0.5573913043478261 0.603
0.5573913043478261 0.59
0.5573913043478261 0.605
0.5573913043478261 0.601
0.5573913043478261 0.582
0.5573913043478261 0.576
0.5573913043478261 0.609
0.5747826086956522 0.588
0.5747826086956522 0.588
0.5747826086956522 0.578
0.5747826086956522 0.572
0.5747826086956522 0.601
0.5747826086956522 0.601
0.5747826086956522 0.611
0.5747826086956522 0.588
0.5747826086956522 0.583
0.5747826086956522 0.584
0.5965217391304348 0.619
0.5965217391304348 0.588
0.5965217391304348 0.588
0.5965217391304348 0.588
0.5965217391304348 0.584
0.5965217391304348 0.617
0.5965217391304348 0.588
0.5965217391304348 0.605
0.5965217391304348 0.625
0.5965217391304348 0.611
0.6052173913043478 0.584
0.6052173913043478 0.617
0.6052173913043478 0.579
0.6052173913043478 0.599
0.6052173913043478 0.584
0.6052173913043478 0.582
0.6052173913043478 0.576
0.6052173913043478 0.59
0.6052173913043478 0.601
0.6052173913043478 0.611
0.5791304347826087 0.585
0.5791304347826087 0.609
0.5791304347826087 0.581
0.5791304347826087 0.572
0.5791304347826087 0.59
0.5791304347826087 0.582
0.5791304347826087 0.601
0.5791304347826087 0.581
0.5791304347826087 0.607
0.5791304347826087 0.588
0.5878260869565217 0.579
0.5878260869565217 0.582
0.5878260869565217 0.588
0.5878260869565217 0.582
0.5878260869565217 0.576
0.5878260869565217 0.609
0.5878260869565217 0.579
0.5878260869565217 0.576
0.5878260869565217 0.584
0.5878260869565217 0.582
0.6008695652173913 0.621
0.6008695652173913 0.556
0.6008695652173913 0.599
0.6008695652173913 0.579
0.6008695652173913 0.581
0.6008695652173913 0.59
0.6008695652173913 0.601
0.6008695652173913 0.588
0.6008695652173913 0.58
0.6008695652173913 0.584
0.5834782608695652 0.582
0.5834782608695652 0.572
0.5834782608695652 0.568
0.5834782608695652 0.56
0.5834782608695652 0.587
0.5834782608695652 0.611
0.5834782608695652 0.588
0.5834782608695652 0.58
0.5834782608695652 0.584
0.5834782608695652 0.601
0.5921739130434783 0.578
0.5921739130434783 0.588
0.5921739130434783 0.582
0.5921739130434783 0.58
0.5921739130434783 0.577
0.5921739130434783 0.563
0.5921739130434783 0.6
0.5921739130434783 0.582
0.5921739130434783 0.601
0.5921739130434783 0.59
0.6095652173913044 0.59
0.6095652173913044 0.582
0.6095652173913044 0.579
0.6095652173913044 0.581
0.6095652173913044 0.58
0.6095652173913044 0.601
0.6095652173913044 0.609
0.6095652173913044 0.609
0.6095652173913044 0.57
0.6095652173913044 0.581
0.6356521739130435 0.605
0.6356521739130435 0.576
0.6356521739130435 0.584
0.6356521739130435 0.59
0.6356521739130435 0.579
0.6356521739130435 0.582
0.6356521739130435 0.579
0.6356521739130435 0.59
0.6356521739130435 0.588
0.6356521739130435 0.572
0.6269565217391304 0.599
0.6269565217391304 0.581
0.6269565217391304 0.588
0.6269565217391304 0.572
0.6269565217391304 0.576
0.6269565217391304 0.579
0.6269565217391304 0.561
0.6269565217391304 0.623
0.6269565217391304 0.59
0.6269565217391304 0.605
0.631304347826087 0.567
0.631304347826087 0.644
0.631304347826087 0.613
0.631304347826087 0.581
0.631304347826087 0.579
0.631304347826087 0.59
0.631304347826087 0.599
0.631304347826087 0.553
0.631304347826087 0.611
0.631304347826087 0.59
0.6182608695652174 0.57
0.6182608695652174 0.553
0.6182608695652174 0.579
0.6182608695652174 0.572
0.6182608695652174 0.59
0.6182608695652174 0.59
0.6182608695652174 0.558
0.6182608695652174 0.588
0.6182608695652174 0.609
0.6182608695652174 0.588
0.6139130434782609 0.58
0.6139130434782609 0.578
0.6139130434782609 0.586
0.6139130434782609 0.578
0.6139130434782609 0.59
0.6139130434782609 0.579
0.6139130434782609 0.576
0.6139130434782609 0.578
0.6139130434782609 0.576
0.6139130434782609 0.584
0.64 0.582
0.64 0.605
0.64 0.581
0.64 0.58
0.64 0.59
0.64 0.621
0.64 0.584
0.64 0.56
0.64 0.581
0.64 0.563
0.6226086956521739 0.562
0.6226086956521739 0.579
0.6226086956521739 0.553
0.6226086956521739 0.588
0.6226086956521739 0.572
0.6226086956521739 0.58
0.6226086956521739 0.581
0.6226086956521739 0.582
0.6226086956521739 0.605
0.6226086956521739 0.627
0.6660869565217391 0.59
0.6660869565217391 0.581
0.6660869565217391 0.575
0.6660869565217391 0.582
0.6660869565217391 0.572
0.6660869565217391 0.629
0.6660869565217391 0.579
0.6660869565217391 0.576
0.6660869565217391 0.599
0.6660869565217391 0.601
0.6573913043478261 0.578
0.6573913043478261 0.578
0.6573913043478261 0.59
0.6573913043478261 0.605
0.6573913043478261 0.556
0.6573913043478261 0.552
0.6573913043478261 0.58
0.6573913043478261 0.617
0.6573913043478261 0.619
0.6573913043478261 0.641
0.6704347826086957 0.555
0.6704347826086957 0.578
0.6704347826086957 0.583
0.6704347826086957 0.575
0.6704347826086957 0.578
0.6704347826086957 0.59
0.6704347826086957 0.579
0.6704347826086957 0.625
0.6704347826086957 0.59
0.6704347826086957 0.584
0.6617391304347826 0.576
0.6617391304347826 0.578
0.6617391304347826 0.588
0.6617391304347826 0.561
0.6617391304347826 0.576
0.6617391304347826 0.59
0.6617391304347826 0.617
0.6617391304347826 0.584
0.6617391304347826 0.572
0.6617391304347826 0.566
0.6530434782608696 0.58
0.6530434782608696 0.58
0.6530434782608696 0.578
0.6530434782608696 0.58
0.6530434782608696 0.582
0.6530434782608696 0.588
0.6530434782608696 0.599
0.6530434782608696 0.617
0.6530434782608696 0.58
0.6530434782608696 0.579
0.648695652173913 0.565
0.648695652173913 0.582
0.648695652173913 0.552
0.648695652173913 0.576
0.648695652173913 0.581
0.648695652173913 0.599
0.648695652173913 0.613
0.648695652173913 0.607
0.648695652173913 0.566
0.648695652173913 0.588
0.64 0.556
0.64 0.584
0.64 0.567
0.64 0.575
0.64 0.579
0.64 0.563
0.64 0.588
0.64 0.59
0.64 0.58
0.64 0.581
0.6443478260869565 0.556
0.6443478260869565 0.58
0.6443478260869565 0.561
0.6443478260869565 0.582
0.6443478260869565 0.562
0.6443478260869565 0.559
0.6443478260869565 0.582
0.6443478260869565 0.58
0.6443478260869565 0.59
0.6443478260869565 0.609
0.6834782608695652 0.635
0.6834782608695652 0.572
0.6834782608695652 0.588
0.6834782608695652 0.579
0.6834782608695652 0.584
0.6834782608695652 0.625
0.6834782608695652 0.584
0.6834782608695652 0.607
0.6834782608695652 0.605
0.6834782608695652 0.588
0.6965217391304348 0.581
0.6965217391304348 0.588
0.6965217391304348 0.555
0.6965217391304348 0.588
0.6965217391304348 0.564
0.6965217391304348 0.601
0.6965217391304348 0.576
0.6965217391304348 0.588
0.6965217391304348 0.631
0.6965217391304348 0.623
0.6791304347826087 0.623
0.6791304347826087 0.581
0.6791304347826087 0.557
0.6791304347826087 0.582
0.6791304347826087 0.553
0.6791304347826087 0.582
0.6791304347826087 0.581
0.6791304347826087 0.59
0.6791304347826087 0.581
0.6791304347826087 0.576
0.6878260869565217 0.619
0.6878260869565217 0.611
0.6878260869565217 0.561
0.6878260869565217 0.584
0.6878260869565217 0.559
0.6878260869565217 0.543
0.6878260869565217 0.544
0.6878260869565217 0.584
0.6878260869565217 0.599
0.6878260869565217 0.599
0.6921739130434783 0.581
0.6921739130434783 0.547
0.6921739130434783 0.572
0.6921739130434783 0.582
0.6921739130434783 0.559
0.6921739130434783 0.605
0.6921739130434783 0.562
0.6921739130434783 0.59
0.6921739130434783 0.582
0.6921739130434783 0.581
0.6747826086956522 0.553
0.6747826086956522 0.572
0.6747826086956522 0.578
0.6747826086956522 0.578
0.6747826086956522 0.605
0.6747826086956522 0.578
0.6747826086956522 0.582
0.6747826086956522 0.557
0.6747826086956522 0.582
0.6747826086956522 0.563
0.7052173913043478 0.572
0.7052173913043478 0.579
0.7052173913043478 0.576
0.7052173913043478 0.579
0.7052173913043478 0.544
0.7052173913043478 0.576
0.7052173913043478 0.581
0.7052173913043478 0.579
0.7052173913043478 0.582
0.7052173913043478 0.59
0.7008695652173913 0.588
0.7008695652173913 0.584
0.7008695652173913 0.547
0.7008695652173913 0.584
0.7008695652173913 0.576
0.7008695652173913 0.599
0.7008695652173913 0.542
0.7008695652173913 0.584
0.7008695652173913 0.572
0.7008695652173913 0.588
0.7095652173913043 0.578
0.7095652173913043 0.588
0.7095652173913043 0.578
0.7095652173913043 0.599
0.7095652173913043 0.619
0.7095652173913043 0.579
0.7095652173913043 0.59
0.7095652173913043 0.58
0.7095652173913043 0.55
0.7095652173913043 0.579
0.731304347826087 0.607
0.731304347826087 0.611
0.731304347826087 0.581
0.731304347826087 0.58
0.731304347826087 0.617
0.731304347826087 0.588
0.731304347826087 0.588
0.731304347826087 0.556
0.731304347826087 0.582
0.731304347826087 0.551
0.7356521739130435 0.555
0.7356521739130435 0.58
0.7356521739130435 0.572
0.7356521739130435 0.572
0.7356521739130435 0.579
0.7356521739130435 0.625
0.7356521739130435 0.579
0.7356521739130435 0.579
0.7356521739130435 0.601
0.7356521739130435 0.611
0.7182608695652174 0.572
0.7182608695652174 0.584
0.7182608695652174 0.588
0.7182608695652174 0.607
0.7182608695652174 0.582
0.7182608695652174 0.555
0.7182608695652174 0.607
0.7182608695652174 0.545
0.7182608695652174 0.562
0.7182608695652174 0.582
0.74 0.58
0.74 0.605
0.74 0.544
0.74 0.579
0.74 0.588
0.74 0.581
0.74 0.607
0.74 0.578
0.74 0.584
0.74 0.572
0.7269565217391304 0.542
0.7269565217391304 0.59
0.7269565217391304 0.59
0.7269565217391304 0.581
0.7269565217391304 0.582
0.7269565217391304 0.578
0.7269565217391304 0.576
0.7269565217391304 0.558
0.7269565217391304 0.58
0.7269565217391304 0.59
0.7139130434782609 0.578
0.7139130434782609 0.588
0.7139130434782609 0.547
0.7139130434782609 0.617
0.7139130434782609 0.576
0.7139130434782609 0.555
0.7139130434782609 0.545
0.7139130434782609 0.625
0.7139130434782609 0.555
0.7139130434782609 0.576
0.7226086956521739 0.579
0.7226086956521739 0.58
0.7226086956521739 0.572
0.7226086956521739 0.553
0.7226086956521739 0.572
0.7226086956521739 0.545
0.7226086956521739 0.581
0.7226086956521739 0.551
0.7226086956521739 0.559
0.7226086956521739 0.558
