0.0 1.0
0.0 1.0
0.0 1.0
0.0 1.0
0.0 1.0
0.0 1.0
0.0 1.0
0.0 1.0
0.0 1.0
0.0 1.0
0.0 1.0
0.0 1.0
0.0 1.0
0.0 1.0
0.0 1.0
0.0 1.0
0.0 1.0
0.0 1.0
0.0 1.0
0.0 1.0
0.0030434782608695656 1.0
0.0030434782608695656 0.994
0.0030434782608695656 1.0
0.0030434782608695656 0.996
0.0030434782608695656 0.996
0.0030434782608695656 0.995
0.0030434782608695656 0.997
0.0030434782608695656 1.0
0.0030434782608695656 1.0
0.0030434782608695656 0.994
0.006086956521739131 0.99
0.006086956521739131 0.992
0.006086956521739131 0.992
0.006086956521739131 0.997
0.006086956521739131 0.995
0.006086956521739131 0.994
0.006086956521739131 0.993
0.006086956521739131 0.997
0.006086956521739131 0.996
0.006086956521739131 0.994
0.009130434782608696 0.984
0.009130434782608696 0.991
0.009130434782608696 0.993
0.009130434782608696 0.99
0.009130434782608696 0.991
0.009130434782608696 0.994
0.009130434782608696 0.992
0.009130434782608696 0.988
0.009130434782608696 0.991
0.009130434782608696 0.99
0.018260869565217393 0.979
0.018260869565217393 0.985
0.018260869565217393 0.979
0.018260869565217393 0.985
0.018260869565217393 0.99
0.018260869565217393 0.977
0.018260869565217393 0.985
0.018260869565217393 0.98
0.018260869565217393 0.981
0.018260869565217393 0.979
0.012173913043478262 0.986
0.012173913043478262 0.988
0.012173913043478262 0.982
0.012173913043478262 0.988
0.012173913043478262 0.983
0.012173913043478262 0.985
0.012173913043478262 0.987
0.012173913043478262 0.99
0.012173913043478262 0.983
0.012173913043478262 0.993
0.015217391304347828 0.977
0.015217391304347828 0.983
0.015217391304347828 0.99
0.015217391304347828 0.979
0.015217391304347828 0.985
0.015217391304347828 0.988
0.015217391304347828 0.982
0.015217391304347828 0.99
0.015217391304347828 0.989
0.015217391304347828 0.978
0.02130434782608696 0.975
0.02130434782608696 0.978
0.02130434782608696 0.976
0.02130434782608696 0.982
0.02130434782608696 0.98
0.02130434782608696 0.973
0.02130434782608696 0.981
0.02130434782608696 0.976
0.02130434782608696 0.979
0.02130434782608696 0.973
0.024347826086956525 0.969
0.024347826086956525 0.976
0.024347826086956525 0.972
0.024347826086956525 0.969
0.024347826086956525 0.97
0.024347826086956525 0.972
0.024347826086956525 0.972
0.024347826086956525 0.974
0.024347826086956525 0.979
0.024347826086956525 0.974
0.02739130434782609 0.982
0.02739130434782609 0.975
0.02739130434782609 0.967
0.02739130434782609 0.98
0.02739130434782609 0.97
0.02739130434782609 0.966
0.02739130434782609 0.97
0.02739130434782609 0.973
0.02739130434782609 0.98
0.02739130434782609 0.974
0.030434782608695657 0.972
0.030434782608695657 0.964
0.030434782608695657 0.961
0.030434782608695657 0.98
0.030434782608695657 0.966
0.030434782608695657 0.955
0.030434782608695657 0.977
0.030434782608695657 0.977
0.030434782608695657 0.971
0.030434782608695657 0.961
0.03347826086956522 0.978
0.03347826086956522 0.955
0.03347826086956522 0.973
0.03347826086956522 0.973
0.03347826086956522 0.966
0.03347826086956522 0.968
0.03347826086956522 0.974
0.03347826086956522 0.968
0.03347826086956522 0.956
0.03347826086956522 0.969
0.036521739130434785 0.961
0.036521739130434785 0.965
0.036521739130434785 0.964
0.036521739130434785 0.964
0.036521739130434785 0.949
0.036521739130434785 0.962
0.036521739130434785 0.964
0.036521739130434785 0.969
0.036521739130434785 0.955
0.036521739130434785 0.966
0.0 1.0
0.0 1.0
0.0 1.0
0.0 1.0
0.0 1.0
0.0 1.0
0.0 1.0
0.0 1.0
0.0 1.0
0.0 1.0
0.0030434782608695656 0.996
0.0030434782608695656 1.0
0.0030434782608695656 0.997
0.0030434782608695656 0.999
0.0030434782608695656 0.995
0.0030434782608695656 0.998
0.0030434782608695656 1.0
0.0030434782608695656 0.998
0.0030434782608695656 0.999
0.0030434782608695656 0.994
0.012173913043478262 0.988
0.012173913043478262 0.985
0.012173913043478262 0.988
0.012173913043478262 0.981
0.012173913043478262 0.99
0.012173913043478262 0.988
0.012173913043478262 0.986
0.012173913043478262 0.986
0.012173913043478262 0.983
0.012173913043478262 0.989
0.006086956521739131 0.993
0.006086956521739131 0.996
0.006086956521739131 0.995
0.006086956521739131 0.992
0.006086956521739131 0.993
0.006086956521739131 0.994
0.006086956521739131 0.995
0.006086956521739131 0.997
0.006086956521739131 0.993
0.006086956521739131 0.991
0.015217391304347828 0.971
0.015217391304347828 0.979
0.015217391304347828 0.98
0.015217391304347828 0.986
0.015217391304347828 0.976
0.015217391304347828 0.982
0.015217391304347828 0.979
0.015217391304347828 0.987
0.015217391304347828 0.989
0.015217391304347828 0.976
0.009130434782608696 0.989
0.009130434782608696 0.993
0.009130434782608696 0.992
0.009130434782608696 0.99
0.009130434782608696 0.99
0.009130434782608696 0.996
0.009130434782608696 0.992
0.009130434782608696 0.994
0.009130434782608696 0.993
0.009130434782608696 0.993
0.018260869565217393 0.979
0.018260869565217393 0.975
0.018260869565217393 0.975
0.018260869565217393 0.979
0.018260869565217393 0.975
0.018260869565217393 0.982
0.018260869565217393 0.973
0.018260869565217393 0.986
0.018260869565217393 0.982
0.018260869565217393 0.98
0.02130434782608696 0.972
0.02130434782608696 0.976
0.02130434782608696 0.984
0.02130434782608696 0.971
0.02130434782608696 0.975
0.02130434782608696 0.975
0.02130434782608696 0.978
0.02130434782608696 0.974
0.02130434782608696 0.975
0.02130434782608696 0.973
0.024347826086956525 0.965
0.024347826086956525 0.963
0.024347826086956525 0.972
0.024347826086956525 0.973
0.024347826086956525 0.959
0.024347826086956525 0.976
0.024347826086956525 0.978
0.024347826086956525 0.979
0.024347826086956525 0.973
0.024347826086956525 0.972
0.02739130434782609 0.979
0.02739130434782609 0.963
0.02739130434782609 0.974
0.02739130434782609 0.969
0.02739130434782609 0.975
0.02739130434782609 0.966
0.02739130434782609 0.963
0.02739130434782609 0.975
0.02739130434782609 0.967
0.02739130434782609 0.951
0.030434782608695657 0.951
0.030434782608695657 0.96
0.030434782608695657 0.942
0.030434782608695657 0.971
0.030434782608695657 0.979
0.030434782608695657 0.96
0.030434782608695657 0.957
0.030434782608695657 0.958
0.030434782608695657 0.961
0.030434782608695657 0.956
0.03347826086956522 0.946
0.03347826086956522 0.945
0.03347826086956522 0.949
0.03347826086956522 0.96
0.03347826086956522 0.962
0.03347826086956522 0.959
0.03347826086956522 0.96
0.03347826086956522 0.947
0.03347826086956522 0.96
0.03347826086956522 0.949
0.036521739130434785 0.941
0.036521739130434785 0.948
0.036521739130434785 0.958
0.036521739130434785 0.955
0.036521739130434785 0.957
0.036521739130434785 0.946
0.036521739130434785 0.94
0.036521739130434785 0.947
0.036521739130434785 0.973
0.036521739130434785 0.949
0.04260869565217392 0.933
0.04260869565217392 0.953
0.04260869565217392 0.94
0.04260869565217392 0.904
0.04260869565217392 0.929
0.04260869565217392 0.94
0.04260869565217392 0.944
0.04260869565217392 0.934
0.04260869565217392 0.943
0.04260869565217392 0.933
0.045652173913043485 0.933
0.045652173913043485 0.917
0.045652173913043485 0.93
0.045652173913043485 0.921
0.045652173913043485 0.905
0.045652173913043485 0.927
0.045652173913043485 0.916
0.045652173913043485 0.919
0.045652173913043485 0.932
0.045652173913043485 0.921
0.04869565217391305 0.927
0.04869565217391305 0.933
0.04869565217391305 0.918
0.04869565217391305 0.92
0.04869565217391305 0.909
0.04869565217391305 0.907
0.04869565217391305 0.894
0.04869565217391305 0.924
0.04869565217391305 0.918
0.04869565217391305 0.895
0.03956521739130435 0.943
0.03956521739130435 0.945
0.03956521739130435 0.956
0.03956521739130435 0.949
0.03956521739130435 0.943
0.03956521739130435 0.952
0.03956521739130435 0.937
0.03956521739130435 0.951
0.03956521739130435 0.938
0.03956521739130435 0.948
0.051739130434782614 0.885
0.051739130434782614 0.9
0.051739130434782614 0.917
0.051739130434782614 0.89
0.051739130434782614 0.931
0.051739130434782614 0.919
0.051739130434782614 0.909
0.051739130434782614 0.869
0.051739130434782614 0.91
0.051739130434782614 0.91
0.05478260869565218 0.899
0.05478260869565218 0.893
0.05478260869565218 0.863
0.05478260869565218 0.874
0.05478260869565218 0.906
0.05478260869565218 0.902
0.05478260869565218 0.902
0.05478260869565218 0.888
0.05478260869565218 0.905
0.05478260869565218 0.844
0.05782608695652175 0.824
0.05782608695652175 0.864
0.05782608695652175 0.851
0.05782608695652175 0.849
0.05782608695652175 0.833
0.05782608695652175 0.912
0.05782608695652175 0.866
0.05782608695652175 0.852
0.05782608695652175 0.858
0.05782608695652175 0.903
0.060869565217391314 0.867
0.060869565217391314 0.804
0.060869565217391314 0.853
0.060869565217391314 0.628
0.060869565217391314 0.766
0.060869565217391314 0.814
0.060869565217391314 0.772
0.060869565217391314 0.82
0.060869565217391314 0.728
0.060869565217391314 0.846
0.06391304347826088 0.561
0.06391304347826088 0.657
0.06391304347826088 0.569
0.06391304347826088 0.566
0.06391304347826088 0.61
0.06391304347826088 0.61
0.06391304347826088 0.583
0.06391304347826088 0.599
0.06391304347826088 0.591
0.06391304347826088 0.586
0.06695652173913044 0.575
0.06695652173913044 0.57
0.06695652173913044 0.629
0.06695652173913044 0.532
0.06695652173913044 0.571
0.06695652173913044 0.546
0.06695652173913044 0.62
0.06695652173913044 0.58
0.06695652173913044 0.551
0.06695652173913044 0.677
0.07 0.563
0.07 0.565
0.07 0.557
0.07 0.579
0.07 0.552
0.07 0.519
0.07 0.554
0.07 0.571
0.07 0.572
0.07 0.542
