0.009130434782608696 0.5
0.009130434782608696 0.495
0.009130434782608696 0.5
0.009130434782608696 0.505
0.009130434782608696 0.5
0.009130434782608696 0.5
0.009130434782608696 0.505
0.009130434782608696 0.5
0.009130434782608696 0.495
0.009130434782608696 0.5
0.0 0.5
0.0 0.5
0.0 0.491
0.0 0.495
0.0 0.5
0.0 0.5
0.0 0.5
0.0 0.5
0.0 0.5
0.0 0.5
0.0030434782608695656 0.509
0.0030434782608695656 0.5
0.0030434782608695656 0.5
0.0030434782608695656 0.5
0.0030434782608695656 0.5
0.0030434782608695656 0.5
0.0030434782608695656 0.509
0.0030434782608695656 0.5
0.0030434782608695656 0.505
0.0030434782608695656 0.5
0.006086956521739131 0.505
0.006086956521739131 0.5
0.006086956521739131 0.505
0.006086956521739131 0.505
0.006086956521739131 0.505
0.006086956521739131 0.495
0.006086956521739131 0.5
0.006086956521739131 0.5
0.006086956521739131 0.509
0.006086956521739131 0.491
0.015217391304347828 0.5
0.015217391304347828 0.505
0.015217391304347828 0.5
0.015217391304347828 0.5
0.015217391304347828 0.505
0.015217391304347828 0.491
0.015217391304347828 0.5
0.015217391304347828 0.505
0.015217391304347828 0.505
0.015217391304347828 0.5
0.012173913043478262 0.495
0.012173913043478262 0.509
0.012173913043478262 0.495
0.012173913043478262 0.505
0.012173913043478262 0.5
0.012173913043478262 0.5
0.012173913043478262 0.5
0.012173913043478262 0.5
0.012173913043478262 0.505
0.012173913043478262 0.5
0.024347826086956525 0.495
0.024347826086956525 0.5
0.024347826086956525 0.505
0.024347826086956525 0.519
0.024347826086956525 0.5
0.024347826086956525 0.51
0.024347826086956525 0.51
0.024347826086956525 0.505
0.024347826086956525 0.5
0.024347826086956525 0.481
0.018260869565217393 0.495
0.018260869565217393 0.5
0.018260869565217393 0.5
0.018260869565217393 0.482
0.018260869565217393 0.49
0.018260869565217393 0.5
0.018260869565217393 0.5
0.018260869565217393 0.505
0.018260869565217393 0.509
0.018260869565217393 0.495
0.02130434782608696 0.5
0.02130434782608696 0.49
0.02130434782608696 0.51
0.02130434782608696 0.5
0.02130434782608696 0.515
0.02130434782608696 0.509
0.02130434782608696 0.5
0.02130434782608696 0.51
0.02130434782608696 0.482
0.02130434782608696 0.5
0.02739130434782609 0.511
0.02739130434782609 0.489
0.02739130434782609 0.511
0.02739130434782609 0.5
0.02739130434782609 0.5
0.02739130434782609 0.52
0.02739130434782609 0.489
0.02739130434782609 0.503
0.02739130434782609 0.505
0.02739130434782609 0.5
0.030434782608695657 0.49
0.030434782608695657 0.489
0.030434782608695657 0.509
0.030434782608695657 0.505
0.030434782608695657 0.505
0.030434782608695657 0.481
0.030434782608695657 0.505
0.030434782608695657 0.495
0.030434782608695657 0.5
0.030434782608695657 0.509
0.03347826086956522 0.49
0.03347826086956522 0.5
0.03347826086956522 0.505
0.03347826086956522 0.527
0.03347826086956522 0.5
0.03347826086956522 0.505
0.03347826086956522 0.491
0.03347826086956522 0.495
0.03347826086956522 0.509
0.03347826086956522 0.505
0.036521739130434785 0.491
0.036521739130434785 0.511
0.036521739130434785 0.508
0.036521739130434785 0.489
0.036521739130434785 0.516
0.036521739130434785 0.5
0.036521739130434785 0.495
0.036521739130434785 0.524
0.036521739130434785 0.507
0.036521739130434785 0.505
0.04260869565217392 0.5
0.04260869565217392 0.489
0.04260869565217392 0.505
0.04260869565217392 0.491
0.04260869565217392 0.495
0.04260869565217392 0.49
0.04260869565217392 0.489
0.04260869565217392 0.505
0.04260869565217392 0.48
0.04260869565217392 0.511
0.03956521739130435 0.478
0.03956521739130435 0.482
0.03956521739130435 0.509
0.03956521739130435 0.495
0.03956521739130435 0.497
0.03956521739130435 0.501
0.03956521739130435 0.499
0.03956521739130435 0.495
0.03956521739130435 0.513
0.03956521739130435 0.51
0.045652173913043485 0.504
0.045652173913043485 0.505
0.045652173913043485 0.509
0.045652173913043485 0.518
0.045652173913043485 0.542
0.045652173913043485 0.502
0.045652173913043485 0.512
0.045652173913043485 0.505
0.045652173913043485 0.499
0.045652173913043485 0.484
0.051739130434782614 0.498
0.051739130434782614 0.506
0.051739130434782614 0.519
0.051739130434782614 0.505
0.051739130434782614 0.481
0.051739130434782614 0.497
0.051739130434782614 0.528
0.051739130434782614 0.479
0.051739130434782614 0.491
0.051739130434782614 0.493
0.04869565217391305 0.501
0.04869565217391305 0.491
0.04869565217391305 0.502
0.04869565217391305 0.491
0.04869565217391305 0.521
0.04869565217391305 0.519
0.04869565217391305 0.51
0.04869565217391305 0.504
0.04869565217391305 0.509
0.04869565217391305 0.491
0.05782608695652175 0.5
0.05782608695652175 0.514
0.05782608695652175 0.509
0.05782608695652175 0.483
0.05782608695652175 0.515
0.05782608695652175 0.5
0.05782608695652175 0.519
0.05782608695652175 0.507
0.05782608695652175 0.49
0.05782608695652175 0.5
0.05478260869565218 0.518
0.05478260869565218 0.5
0.05478260869565218 0.486
0.05478260869565218 0.515
0.05478260869565218 0.514
0.05478260869565218 0.522
0.05478260869565218 0.524
0.05478260869565218 0.5
0.05478260869565218 0.5
0.05478260869565218 0.501
0.060869565217391314 0.505
0.060869565217391314 0.509
0.060869565217391314 0.478
0.060869565217391314 0.519
0.060869565217391314 0.498
0.060869565217391314 0.503
0.060869565217391314 0.499
0.060869565217391314 0.512
0.060869565217391314 0.505
0.060869565217391314 0.503
0.06391304347826088 0.505
0.06391304347826088 0.478
0.06391304347826088 0.503
0.06391304347826088 0.499
0.06391304347826088 0.509
0.06391304347826088 0.493
0.06391304347826088 0.515
0.06391304347826088 0.517
0.06391304347826088 0.511
0.06391304347826088 0.495
0.06695652173913044 0.519
0.06695652173913044 0.494
0.06695652173913044 0.509
0.06695652173913044 0.491
0.06695652173913044 0.49
0.06695652173913044 0.491
0.06695652173913044 0.5
0.06695652173913044 0.512
0.06695652173913044 0.502
0.06695652173913044 0.488
0.07 0.494
0.07 0.497
0.07 0.481
0.07 0.503
0.07 0.511
0.07 0.498
0.07 0.503
0.07 0.498
0.07 0.498
0.07 0.493
