0.0030434782608695656 0.478
0.0030434782608695656 0.49
0.0030434782608695656 0.49
0.0030434782608695656 0.489
0.0030434782608695656 0.49
0.0030434782608695656 0.491
0.0030434782608695656 0.495
0.0030434782608695656 0.49
0.0030434782608695656 0.49
0.0030434782608695656 0.49
0.012173913043478262 0.49
0.012173913043478262 0.49
0.012173913043478262 0.49
0.012173913043478262 0.491
0.012173913043478262 0.491
0.012173913043478262 0.491
0.012173913043478262 0.491
0.012173913043478262 0.489
0.012173913043478262 0.49
0.012173913043478262 0.489
0.009130434782608696 0.481
0.009130434782608696 0.49
0.009130434782608696 0.481
0.009130434782608696 0.49
0.009130434782608696 0.489
0.009130434782608696 0.49
0.009130434782608696 0.489
0.009130434782608696 0.49
0.009130434782608696 0.489
0.009130434782608696 0.49
0.02130434782608696 0.49
0.02130434782608696 0.489
0.02130434782608696 0.49
0.02130434782608696 0.489
0.02130434782608696 0.48
0.02130434782608696 0.49
0.02130434782608696 0.482
0.02130434782608696 0.49
0.02130434782608696 0.49
0.02130434782608696 0.489
0.0 0.481
0.0 0.49
0.0 0.489
0.0 0.49
0.0 0.489
0.0 0.478
0.0 0.489
0.0 0.495
0.0 0.49
0.0 0.49
0.015217391304347828 0.489
0.015217391304347828 0.489
0.015217391304347828 0.489
0.015217391304347828 0.482
0.015217391304347828 0.489
0.015217391304347828 0.491
0.015217391304347828 0.49
0.015217391304347828 0.489
0.015217391304347828 0.491
0.015217391304347828 0.481
0.006086956521739131 0.491
0.006086956521739131 0.505
0.006086956521739131 0.482
0.006086956521739131 0.489
0.006086956521739131 0.495
0.006086956521739131 0.49
0.006086956521739131 0.482
0.006086956521739131 0.49
0.006086956521739131 0.482
0.006086956521739131 0.49
0.018260869565217393 0.491
0.018260869565217393 0.49
0.018260869565217393 0.48
0.018260869565217393 0.489
0.018260869565217393 0.489
0.018260869565217393 0.482
0.018260869565217393 0.49
0.018260869565217393 0.49
0.018260869565217393 0.491
0.018260869565217393 0.5
0.03347826086956522 0.489
0.03347826086956522 0.489
0.03347826086956522 0.49
0.03347826086956522 0.491
0.03347826086956522 0.489
0.03347826086956522 0.49
0.03347826086956522 0.479
0.03347826086956522 0.49
0.03347826086956522 0.49
0.03347826086956522 0.49
0.03956521739130435 0.491
0.03956521739130435 0.482
0.03956521739130435 0.49
0.03956521739130435 0.49
0.03956521739130435 0.49
0.03956521739130435 0.491
0.03956521739130435 0.491
0.03956521739130435 0.49
0.03956521739130435 0.489
0.03956521739130435 0.49
0.04260869565217392 0.489
0.04260869565217392 0.49
0.04260869565217392 0.489
0.04260869565217392 0.49
0.04260869565217392 0.49
0.04260869565217392 0.49
0.04260869565217392 0.49
0.04260869565217392 0.481
0.04260869565217392 0.49
0.04260869565217392 0.49
0.02739130434782609 0.49
0.02739130434782609 0.489
0.02739130434782609 0.491
0.02739130434782609 0.49
0.02739130434782609 0.49
0.02739130434782609 0.49
0.02739130434782609 0.49
0.02739130434782609 0.479
0.02739130434782609 0.491
0.02739130434782609 0.49
0.036521739130434785 0.489
0.036521739130434785 0.49
0.036521739130434785 0.491
0.036521739130434785 0.481
0.036521739130434785 0.49
0.036521739130434785 0.482
0.036521739130434785 0.49
0.036521739130434785 0.491
0.036521739130434785 0.49
0.036521739130434785 0.49
0.024347826086956525 0.491
0.024347826086956525 0.478
0.024347826086956525 0.489
0.024347826086956525 0.49
0.024347826086956525 0.49
0.024347826086956525 0.489
0.024347826086956525 0.462
0.024347826086956525 0.49
0.024347826086956525 0.489
0.024347826086956525 0.491
0.030434782608695657 0.489
0.030434782608695657 0.482
0.030434782608695657 0.491
0.030434782608695657 0.491
0.030434782608695657 0.49
0.030434782608695657 0.489
0.030434782608695657 0.491
0.030434782608695657 0.491
0.030434782608695657 0.491
0.030434782608695657 0.49
0.045652173913043485 0.489
0.045652173913043485 0.482
0.045652173913043485 0.491
0.045652173913043485 0.479
0.045652173913043485 0.478
0.045652173913043485 0.49
0.045652173913043485 0.49
0.045652173913043485 0.49
0.045652173913043485 0.49
0.045652173913043485 0.489
0.05478260869565218 0.49
0.05478260869565218 0.49
0.05478260869565218 0.49
0.05478260869565218 0.491
0.05478260869565218 0.491
0.05478260869565218 0.489
0.05478260869565218 0.49
0.05478260869565218 0.491
0.05478260869565218 0.49
0.05478260869565218 0.482
0.060869565217391314 0.49
0.060869565217391314 0.49
0.060869565217391314 0.49
0.060869565217391314 0.491
0.060869565217391314 0.495
0.060869565217391314 0.491
0.060869565217391314 0.49
0.060869565217391314 0.481
0.060869565217391314 0.491
0.060869565217391314 0.491
0.07 0.49
0.07 0.49
0.07 0.49
0.07 0.482
0.07 0.489
0.07 0.49
0.07 0.49
0.07 0.489
0.07 0.491
0.07 0.489
0.06695652173913044 0.49
0.06695652173913044 0.491
0.06695652173913044 0.49
0.06695652173913044 0.49
0.06695652173913044 0.491
0.06695652173913044 0.49
0.06695652173913044 0.49
0.06695652173913044 0.491
0.06695652173913044 0.49
0.06695652173913044 0.489
0.06391304347826088 0.491
0.06391304347826088 0.49
0.06391304347826088 0.49
0.06391304347826088 0.49
0.06391304347826088 0.49
0.06391304347826088 0.489
0.06391304347826088 0.49
0.06391304347826088 0.495
0.06391304347826088 0.49
0.06391304347826088 0.495
0.051739130434782614 0.491
0.051739130434782614 0.49
0.051739130434782614 0.489
0.051739130434782614 0.489
0.051739130434782614 0.49
0.051739130434782614 0.489
0.051739130434782614 0.489
0.051739130434782614 0.489
0.051739130434782614 0.49
0.051739130434782614 0.481
0.04869565217391305 0.458
0.04869565217391305 0.48
0.04869565217391305 0.49
0.04869565217391305 0.48
0.04869565217391305 0.49
0.04869565217391305 0.49
0.04869565217391305 0.49
0.04869565217391305 0.491
0.04869565217391305 0.49
0.04869565217391305 0.49
0.05782608695652175 0.482
0.05782608695652175 0.49
0.05782608695652175 0.49
0.05782608695652175 0.482
0.05782608695652175 0.489
0.05782608695652175 0.482
0.05782608695652175 0.482
0.05782608695652175 0.49
0.05782608695652175 0.49
0.05782608695652175 0.5
