0.0 1.0
0.0 1.0
0.0 1.0
0.0 1.0
0.0 1.0
0.0 1.0
0.0 1.0
0.0 1.0
0.0 1.0
0.0 1.0
0.0030434782608695656 0.994
0.0030434782608695656 1.0
0.0030434782608695656 1.0
0.0030434782608695656 0.999
0.0030434782608695656 0.995
0.0030434782608695656 0.998
0.0030434782608695656 0.998
0.0030434782608695656 1.0
0.0030434782608695656 1.0
0.0030434782608695656 1.0
0.006086956521739131 0.993
0.006086956521739131 0.995
0.006086956521739131 0.995
0.006086956521739131 0.993
0.006086956521739131 0.992
0.006086956521739131 0.994
0.006086956521739131 0.992
0.006086956521739131 0.988
0.006086956521739131 0.992
0.006086956521739131 0.997
0.018260869565217393 0.977
0.018260869565217393 0.983
0.018260869565217393 0.983
0.018260869565217393 0.972
0.018260869565217393 0.981
0.018260869565217393 0.984
0.018260869565217393 0.979
0.018260869565217393 0.978
0.018260869565217393 0.984
0.018260869565217393 0.981
0.012173913043478262 0.976
0.012173913043478262 0.992
0.012173913043478262 0.992
0.012173913043478262 0.985
0.012173913043478262 0.986
0.012173913043478262 0.993
0.012173913043478262 0.986
0.012173913043478262 0.982
0.012173913043478262 0.988
0.012173913043478262 0.991
0.015217391304347828 0.983
0.015217391304347828 0.975
0.015217391304347828 0.984
0.015217391304347828 0.989
0.015217391304347828 0.993
0.015217391304347828 0.986
0.015217391304347828 0.976
0.015217391304347828 0.981
0.015217391304347828 0.985
0.015217391304347828 0.977
0.009130434782608696 0.991
0.009130434782608696 0.989
0.009130434782608696 0.987
0.009130434782608696 0.989
0.009130434782608696 0.993
0.009130434782608696 0.987
0.009130434782608696 0.991
0.009130434782608696 0.986
0.009130434782608696 0.99
0.009130434782608696 0.992
0.02130434782608696 0.975
0.02130434782608696 0.968
0.02130434782608696 0.971
0.02130434782608696 0.971
0.02130434782608696 0.976
0.02130434782608696 0.98
0.02130434782608696 0.98
0.02130434782608696 0.962
0.02130434782608696 0.973
0.02130434782608696 0.964
0.02739130434782609 0.976
0.02739130434782609 0.96
0.02739130434782609 0.978
0.02739130434782609 0.968
0.02739130434782609 0.965
0.02739130434782609 0.964
0.02739130434782609 0.966
0.02739130434782609 0.971
0.02739130434782609 0.963
0.02739130434782609 0.969
0.024347826086956525 0.962
0.024347826086956525 0.98
0.024347826086956525 0.979
0.024347826086956525 0.966
0.024347826086956525 0.964
0.024347826086956525 0.969
0.024347826086956525 0.971
0.024347826086956525 0.968
0.024347826086956525 0.975
0.024347826086956525 0.964
0.03347826086956522 0.948
0.03347826086956522 0.957
0.03347826086956522 0.957
0.03347826086956522 0.958
0.03347826086956522 0.959
0.03347826086956522 0.959
0.03347826086956522 0.948
0.03347826086956522 0.931
0.03347826086956522 0.949
0.03347826086956522 0.949
0.036521739130434785 0.938
0.036521739130434785 0.946
0.036521739130434785 0.949
0.036521739130434785 0.944
0.036521739130434785 0.936
0.036521739130434785 0.957
0.036521739130434785 0.952
0.036521739130434785 0.953
0.036521739130434785 0.947
0.036521739130434785 0.95
0.030434782608695657 0.965
0.030434782608695657 0.958
0.030434782608695657 0.957
0.030434782608695657 0.965
0.030434782608695657 0.953
0.030434782608695657 0.94
0.030434782608695657 0.956
0.030434782608695657 0.951
0.030434782608695657 0.968
0.030434782608695657 0.949
0.03956521739130435 0.933
0.03956521739130435 0.95
0.03956521739130435 0.946
0.03956521739130435 0.936
0.03956521739130435 0.955
0.03956521739130435 0.942
0.03956521739130435 0.938
0.03956521739130435 0.957
0.03956521739130435 0.941
0.03956521739130435 0.947
0.045652173913043485 0.922
0.045652173913043485 0.929
0.045652173913043485 0.922
0.045652173913043485 0.912
0.045652173913043485 0.892
0.045652173913043485 0.908
0.045652173913043485 0.889
0.045652173913043485 0.92
0.045652173913043485 0.916
0.045652173913043485 0.915
0.04260869565217392 0.926
0.04260869565217392 0.945
0.04260869565217392 0.926
0.04260869565217392 0.929
0.04260869565217392 0.896
0.04260869565217392 0.93
0.04260869565217392 0.93
0.04260869565217392 0.904
0.04260869565217392 0.931
0.04260869565217392 0.923
0.04869565217391305 0.912
0.04869565217391305 0.891
0.04869565217391305 0.859
0.04869565217391305 0.879
0.04869565217391305 0.897
0.04869565217391305 0.901
0.04869565217391305 0.901
0.04869565217391305 0.874
0.04869565217391305 0.876
0.04869565217391305 0.903
0.05478260869565218 0.717
0.05478260869565218 0.716
0.05478260869565218 0.607
0.05478260869565218 0.643
0.05478260869565218 0.645
0.05478260869565218 0.699
0.05478260869565218 0.797
0.05478260869565218 0.699
0.05478260869565218 0.782
0.05478260869565218 0.707
0.051739130434782614 0.769
0.051739130434782614 0.833
0.051739130434782614 0.84
0.051739130434782614 0.735
0.051739130434782614 0.739
0.051739130434782614 0.717
0.051739130434782614 0.883
0.051739130434782614 0.764
0.051739130434782614 0.761
0.051739130434782614 0.663
0.05782608695652175 0.615
0.05782608695652175 0.571
0.05782608695652175 0.624
0.05782608695652175 0.719
0.05782608695652175 0.589
0.05782608695652175 0.571
0.05782608695652175 0.613
0.05782608695652175 0.617
0.05782608695652175 0.641
0.05782608695652175 0.623
0.060869565217391314 0.551
0.060869565217391314 0.539
0.060869565217391314 0.567
0.060869565217391314 0.568
0.060869565217391314 0.558
0.060869565217391314 0.586
0.060869565217391314 0.55
0.060869565217391314 0.573
0.060869565217391314 0.594
0.060869565217391314 0.568
0.06391304347826088 0.556
0.06391304347826088 0.542
0.06391304347826088 0.546
0.06391304347826088 0.548
0.06391304347826088 0.547
0.06391304347826088 0.543
0.06391304347826088 0.552
0.06391304347826088 0.555
0.06391304347826088 0.549
0.06391304347826088 0.541
0.06695652173913044 0.553
0.06695652173913044 0.56
0.06695652173913044 0.54
0.06695652173913044 0.531
0.06695652173913044 0.538
0.06695652173913044 0.552
0.06695652173913044 0.527
0.06695652173913044 0.532
0.06695652173913044 0.535
0.06695652173913044 0.549
0.07 0.551
0.07 0.546
0.07 0.525
0.07 0.529
0.07 0.544
0.07 0.543
0.07 0.53
0.07 0.529
0.07 0.539
0.07 0.562

0.0 1.0
0.0 1.0
0.0 1.0
0.0 1.0
0.0 1.0
0.0 1.0
0.0 1.0
0.0 1.0
0.0 1.0
0.0 1.0
0.0030434782608695656 0.997
0.0030434782608695656 0.995
0.0030434782608695656 0.997
0.0030434782608695656 1.0
0.0030434782608695656 0.996
0.0030434782608695656 1.0
0.0030434782608695656 1.0
0.0030434782608695656 0.998
0.0030434782608695656 0.996
0.0030434782608695656 0.998
0.018260869565217393 0.987
0.018260869565217393 0.984
0.018260869565217393 0.983
0.018260869565217393 0.981
0.018260869565217393 0.979
0.018260869565217393 0.98
0.018260869565217393 0.978
0.018260869565217393 0.982
0.018260869565217393 0.98
0.018260869565217393 0.982
0.015217391304347828 0.986
0.015217391304347828 0.976
0.015217391304347828 0.978
0.015217391304347828 0.98
0.015217391304347828 0.985
0.015217391304347828 0.988
0.015217391304347828 0.983
0.015217391304347828 0.977
0.015217391304347828 0.984
0.015217391304347828 0.985
0.012173913043478262 0.985
0.012173913043478262 0.986
0.012173913043478262 0.983
0.012173913043478262 0.984
0.012173913043478262 0.985
0.012173913043478262 0.987
0.012173913043478262 0.993
0.012173913043478262 0.985
0.012173913043478262 0.987
0.012173913043478262 0.985
0.009130434782608696 0.99
0.009130434782608696 0.993
0.009130434782608696 0.99
0.009130434782608696 0.987
0.009130434782608696 0.991
0.009130434782608696 0.988
0.009130434782608696 0.992
0.009130434782608696 0.982
0.009130434782608696 0.995
0.009130434782608696 0.993
0.02130434782608696 0.974
0.02130434782608696 0.978
0.02130434782608696 0.965
0.02130434782608696 0.977
0.02130434782608696 0.967
0.02130434782608696 0.976
0.02130434782608696 0.984
0.02130434782608696 0.978
0.02130434782608696 0.961
0.02130434782608696 0.976
0.024347826086956525 0.962
0.024347826086956525 0.968
0.024347826086956525 0.978
0.024347826086956525 0.958
0.024347826086956525 0.969
0.024347826086956525 0.965
0.024347826086956525 0.972
0.024347826086956525 0.977
0.024347826086956525 0.967
0.024347826086956525 0.968
0.006086956521739131 0.991
0.006086956521739131 0.996
0.006086956521739131 0.995
0.006086956521739131 0.995
0.006086956521739131 0.996
0.006086956521739131 0.996
0.006086956521739131 0.994
0.006086956521739131 0.992
0.006086956521739131 0.991
0.006086956521739131 0.992
0.02739130434782609 0.96
0.02739130434782609 0.966
0.02739130434782609 0.976
0.02739130434782609 0.966
0.02739130434782609 0.95
0.02739130434782609 0.966
0.02739130434782609 0.966
0.02739130434782609 0.967
0.02739130434782609 0.967
0.02739130434782609 0.973
0.03347826086956522 0.944
0.03347826086956522 0.948
0.03347826086956522 0.927
0.03347826086956522 0.948
0.03347826086956522 0.952
0.03347826086956522 0.961
0.03347826086956522 0.957
0.03347826086956522 0.955
0.03347826086956522 0.956
0.03347826086956522 0.953
0.030434782608695657 0.957
0.030434782608695657 0.955
0.030434782608695657 0.964
0.030434782608695657 0.96
0.030434782608695657 0.967
0.030434782608695657 0.956
0.030434782608695657 0.966
0.030434782608695657 0.961
0.030434782608695657 0.96
0.030434782608695657 0.962
0.036521739130434785 0.955
0.036521739130434785 0.947
0.036521739130434785 0.952
0.036521739130434785 0.948
0.036521739130434785 0.933
0.036521739130434785 0.928
0.036521739130434785 0.951
0.036521739130434785 0.939
0.036521739130434785 0.932
0.036521739130434785 0.943
0.04260869565217392 0.928
0.04260869565217392 0.938
0.04260869565217392 0.944
0.04260869565217392 0.943
0.04260869565217392 0.916
0.04260869565217392 0.94
0.04260869565217392 0.912
0.04260869565217392 0.927
0.04260869565217392 0.929
0.04260869565217392 0.921
0.03956521739130435 0.943
0.03956521739130435 0.932
0.03956521739130435 0.922
0.03956521739130435 0.931
0.03956521739130435 0.938
0.03956521739130435 0.945
0.03956521739130435 0.935
0.03956521739130435 0.921
0.03956521739130435 0.942
0.03956521739130435 0.923
0.04869565217391305 0.88
0.04869565217391305 0.826
0.04869565217391305 0.898
0.04869565217391305 0.898
0.04869565217391305 0.884
0.04869565217391305 0.817
0.04869565217391305 0.886
0.04869565217391305 0.892
0.04869565217391305 0.885
0.04869565217391305 0.883
0.045652173913043485 0.889
0.045652173913043485 0.906
0.045652173913043485 0.903
0.045652173913043485 0.908
0.045652173913043485 0.913
0.045652173913043485 0.912
0.045652173913043485 0.906
0.045652173913043485 0.922
0.045652173913043485 0.903
0.045652173913043485 0.886
0.051739130434782614 0.727
0.051739130434782614 0.811
0.051739130434782614 0.779
0.051739130434782614 0.875
0.051739130434782614 0.796
0.051739130434782614 0.803
0.051739130434782614 0.897
0.051739130434782614 0.836
0.051739130434782614 0.831
0.051739130434782614 0.869
0.05478260869565218 0.644
0.05478260869565218 0.822
0.05478260869565218 0.657
0.05478260869565218 0.622
0.05478260869565218 0.767
0.05478260869565218 0.65
0.05478260869565218 0.672
0.05478260869565218 0.685
0.05478260869565218 0.637
0.05478260869565218 0.625
0.05782608695652175 0.723
0.05782608695652175 0.618
0.05782608695652175 0.618
0.05782608695652175 0.722
0.05782608695652175 0.599
0.05782608695652175 0.74
0.05782608695652175 0.641
0.05782608695652175 0.586
0.05782608695652175 0.584
0.05782608695652175 0.607
0.060869565217391314 0.607
0.060869565217391314 0.54
0.060869565217391314 0.562
0.060869565217391314 0.596
0.060869565217391314 0.557
0.060869565217391314 0.581
0.060869565217391314 0.604
0.060869565217391314 0.559
0.060869565217391314 0.568
0.060869565217391314 0.559
0.06695652173913044 0.533
0.06695652173913044 0.558
0.06695652173913044 0.558
0.06695652173913044 0.54
0.06695652173913044 0.531
0.06695652173913044 0.557
0.06695652173913044 0.541
0.06695652173913044 0.536
0.06695652173913044 0.574
0.06695652173913044 0.537
0.07 0.541
0.07 0.528
0.07 0.554
0.07 0.536
0.07 0.547
0.07 0.538
0.07 0.534
0.07 0.53
0.07 0.539
0.07 0.531
0.06391304347826088 0.547
0.06391304347826088 0.552
0.06391304347826088 0.547
0.06391304347826088 0.58
0.06391304347826088 0.578
0.06391304347826088 0.552
0.06391304347826088 0.559
0.06391304347826088 0.546
0.06391304347826088 0.555
0.06391304347826088 0.551
