0.0 0.505
0.0 0.5
0.0 0.5
0.0 0.5
0.0 0.49
0.0 0.5
0.0 0.5
0.0 0.5
0.0 0.5
0.0 0.5
0.0030434782608695656 0.5
0.0030434782608695656 0.5
0.0030434782608695656 0.495
0.0030434782608695656 0.491
0.0030434782608695656 0.5
0.0030434782608695656 0.5
0.0030434782608695656 0.5
0.0030434782608695656 0.5
0.0030434782608695656 0.505
0.0030434782608695656 0.505
0.015217391304347828 0.491
0.015217391304347828 0.495
0.015217391304347828 0.5
0.015217391304347828 0.505
0.015217391304347828 0.5
0.015217391304347828 0.5
0.015217391304347828 0.495
0.015217391304347828 0.5
0.015217391304347828 0.495
0.015217391304347828 0.505
0.009130434782608696 0.5
0.009130434782608696 0.505
0.009130434782608696 0.495
0.009130434782608696 0.5
0.009130434782608696 0.5
0.009130434782608696 0.509
0.009130434782608696 0.522
0.009130434782608696 0.5
0.009130434782608696 0.505
0.009130434782608696 0.5
0.006086956521739131 0.5
0.006086956521739131 0.505
0.006086956521739131 0.5
0.006086956521739131 0.505
0.006086956521739131 0.5
0.006086956521739131 0.491
0.006086956521739131 0.5
0.006086956521739131 0.509
0.006086956521739131 0.495
0.006086956521739131 0.5
0.012173913043478262 0.5
0.012173913043478262 0.509
0.012173913043478262 0.495
0.012173913043478262 0.505
0.012173913043478262 0.489
0.012173913043478262 0.495
0.012173913043478262 0.5
0.012173913043478262 0.5
0.012173913043478262 0.495
0.012173913043478262 0.495
0.024347826086956525 0.5
0.024347826086956525 0.511
0.024347826086956525 0.505
0.024347826086956525 0.495
0.024347826086956525 0.5
0.024347826086956525 0.509
0.024347826086956525 0.5
0.024347826086956525 0.505
0.024347826086956525 0.5
0.024347826086956525 0.511
0.02130434782608696 0.5
0.02130434782608696 0.5
0.02130434782608696 0.51
0.02130434782608696 0.482
0.02130434782608696 0.5
0.02130434782608696 0.511
0.02130434782608696 0.49
0.02130434782608696 0.509
0.02130434782608696 0.5
0.02130434782608696 0.505
0.018260869565217393 0.5
0.018260869565217393 0.506
0.018260869565217393 0.5
0.018260869565217393 0.49
0.018260869565217393 0.505
0.018260869565217393 0.505
0.018260869565217393 0.489
0.018260869565217393 0.495
0.018260869565217393 0.505
0.018260869565217393 0.5
0.02739130434782609 0.51
0.02739130434782609 0.495
0.02739130434782609 0.5
0.02739130434782609 0.5
0.02739130434782609 0.491
0.02739130434782609 0.495
0.02739130434782609 0.509
0.02739130434782609 0.495
0.02739130434782609 0.509
0.02739130434782609 0.482
0.030434782608695657 0.495
0.030434782608695657 0.509
0.030434782608695657 0.491
0.030434782608695657 0.495
0.030434782608695657 0.491
0.030434782608695657 0.481
0.030434782608695657 0.5
0.030434782608695657 0.5
0.030434782608695657 0.501
0.030434782608695657 0.5
0.03956521739130435 0.489
0.03956521739130435 0.5
0.03956521739130435 0.5
0.03956521739130435 0.51
0.03956521739130435 0.505
0.03956521739130435 0.515
0.03956521739130435 0.509
0.03956521739130435 0.489
0.03956521739130435 0.482
0.03956521739130435 0.51
0.03347826086956522 0.5
0.03347826086956522 0.491
0.03347826086956522 0.5
0.03347826086956522 0.515
0.03347826086956522 0.508
0.03347826086956522 0.5
0.03347826086956522 0.495
0.03347826086956522 0.5
0.03347826086956522 0.497
0.03347826086956522 0.505
0.04260869565217392 0.511
0.04260869565217392 0.5
0.04260869565217392 0.499
0.04260869565217392 0.505
0.04260869565217392 0.491
0.04260869565217392 0.518
0.04260869565217392 0.501
0.04260869565217392 0.511
0.04260869565217392 0.509
0.04260869565217392 0.5
0.036521739130434785 0.505
0.036521739130434785 0.489
0.036521739130434785 0.493
0.036521739130434785 0.5
0.036521739130434785 0.5
0.036521739130434785 0.505
0.036521739130434785 0.489
0.036521739130434785 0.49
0.036521739130434785 0.482
0.036521739130434785 0.491
0.045652173913043485 0.493
0.045652173913043485 0.495
0.045652173913043485 0.482
0.045652173913043485 0.489
0.045652173913043485 0.5
0.045652173913043485 0.489
0.045652173913043485 0.5
0.045652173913043485 0.49
0.045652173913043485 0.502
0.045652173913043485 0.491
0.04869565217391305 0.517
0.04869565217391305 0.495
0.04869565217391305 0.496
0.04869565217391305 0.509
0.04869565217391305 0.51
0.04869565217391305 0.505
0.04869565217391305 0.5
0.04869565217391305 0.503
0.04869565217391305 0.502
0.04869565217391305 0.491
0.051739130434782614 0.502
0.051739130434782614 0.508
0.051739130434782614 0.482
0.051739130434782614 0.504
0.051739130434782614 0.516
0.051739130434782614 0.502
0.051739130434782614 0.5
0.051739130434782614 0.514
0.051739130434782614 0.501
0.051739130434782614 0.512
0.05782608695652175 0.491
0.05782608695652175 0.507
0.05782608695652175 0.509
0.05782608695652175 0.487
0.05782608695652175 0.503
0.05782608695652175 0.504
0.05782608695652175 0.483
0.05782608695652175 0.508
0.05782608695652175 0.481
0.05782608695652175 0.488
0.05478260869565218 0.499
0.05478260869565218 0.509
0.05478260869565218 0.505
0.05478260869565218 0.494
0.05478260869565218 0.485
0.05478260869565218 0.498
0.05478260869565218 0.489
0.05478260869565218 0.499
0.05478260869565218 0.512
0.05478260869565218 0.481
0.060869565217391314 0.491
0.060869565217391314 0.49
0.060869565217391314 0.505
0.060869565217391314 0.513
0.060869565217391314 0.483
0.060869565217391314 0.492
0.060869565217391314 0.515
0.060869565217391314 0.501
0.060869565217391314 0.469
0.060869565217391314 0.502
0.06391304347826088 0.503
0.06391304347826088 0.5
0.06391304347826088 0.513
0.06391304347826088 0.505
0.06391304347826088 0.526
0.06391304347826088 0.487
0.06391304347826088 0.492
0.06391304347826088 0.5
0.06391304347826088 0.511
0.06391304347826088 0.505
0.06695652173913044 0.513
0.06695652173913044 0.491
0.06695652173913044 0.495
0.06695652173913044 0.493
0.06695652173913044 0.49
0.06695652173913044 0.5
0.06695652173913044 0.493
0.06695652173913044 0.503
0.06695652173913044 0.488
0.06695652173913044 0.506
0.07 0.505
0.07 0.501
0.07 0.508
0.07 0.512
0.07 0.509
0.07 0.5
0.07 0.493
0.07 0.505
0.07 0.505
0.07 0.502