0.0 1.0
0.0 1.0
0.0 1.0
0.0 1.0
0.0 1.0
0.0 1.0
0.0 1.0
0.0 1.0
0.0 1.0
0.0 1.0
0.0030434782608695656 1.0
0.0030434782608695656 1.0
0.0030434782608695656 0.9977
0.0030434782608695656 0.9965
0.0030434782608695656 0.9975
0.0030434782608695656 0.9963
0.0030434782608695656 0.9959
0.0030434782608695656 0.9969
0.0030434782608695656 0.9979
0.0030434782608695656 0.9966
0.006086956521739131 0.9941
0.006086956521739131 0.9943
0.006086956521739131 0.9939
0.006086956521739131 0.9932
0.006086956521739131 0.9935
0.006086956521739131 0.9948
0.006086956521739131 0.9943
0.006086956521739131 0.9946
0.006086956521739131 0.9941
0.006086956521739131 0.9942
0.015217391304347828 0.9859
0.015217391304347828 0.9814
0.015217391304347828 0.981
0.015217391304347828 0.9824
0.015217391304347828 0.9803
0.015217391304347828 0.982
0.015217391304347828 0.9814
0.015217391304347828 0.9841
0.015217391304347828 0.9839
0.015217391304347828 0.9819
0.012173913043478262 0.9887
0.012173913043478262 0.9883
0.012173913043478262 0.9855
0.012173913043478262 0.9868
0.012173913043478262 0.9887
0.012173913043478262 0.9886
0.012173913043478262 0.9886
0.012173913043478262 0.9862
0.012173913043478262 0.9894
0.012173913043478262 0.9847
0.009130434782608696 0.9906
0.009130434782608696 0.9895
0.009130434782608696 0.9895
0.009130434782608696 0.9894
0.009130434782608696 0.9911
0.009130434782608696 0.9893
0.009130434782608696 0.9902
0.009130434782608696 0.9901
0.009130434782608696 0.9894
0.009130434782608696 0.9894
0.018260869565217393 0.9807
0.018260869565217393 0.9785
0.018260869565217393 0.9737
0.018260869565217393 0.9784
0.018260869565217393 0.9784
0.018260869565217393 0.9793
0.018260869565217393 0.982
0.018260869565217393 0.9793
0.018260869565217393 0.9778
0.018260869565217393 0.9813
0.02130434782608696 0.9736
0.02130434782608696 0.9742
0.02130434782608696 0.9751
0.02130434782608696 0.9741
0.02130434782608696 0.9762
0.02130434782608696 0.9723
0.02130434782608696 0.9743
0.02130434782608696 0.9733
0.02130434782608696 0.9752
0.02130434782608696 0.9716
0.024347826086956525 0.9709
0.024347826086956525 0.9704
0.024347826086956525 0.97
0.024347826086956525 0.9696
0.024347826086956525 0.9706
0.024347826086956525 0.9707
0.024347826086956525 0.9705
0.024347826086956525 0.972
0.024347826086956525 0.9693
0.024347826086956525 0.9674
0.02739130434782609 0.9653
0.02739130434782609 0.9675
0.02739130434782609 0.9652
0.02739130434782609 0.9596
0.02739130434782609 0.9632
0.02739130434782609 0.9632
0.02739130434782609 0.9624
0.02739130434782609 0.9642
0.02739130434782609 0.9632
0.02739130434782609 0.9639
0.030434782608695657 0.9554
0.030434782608695657 0.9601
0.030434782608695657 0.9581
0.030434782608695657 0.9585
0.030434782608695657 0.9594
0.030434782608695657 0.9552
0.030434782608695657 0.9585
0.030434782608695657 0.9619
0.030434782608695657 0.9585
0.030434782608695657 0.9601
0.036521739130434785 0.9456
0.036521739130434785 0.9495
0.036521739130434785 0.9381
0.036521739130434785 0.9445
0.036521739130434785 0.943
0.036521739130434785 0.948
0.036521739130434785 0.9469
0.036521739130434785 0.9431
0.036521739130434785 0.9484
0.036521739130434785 0.9456
0.03347826086956522 0.9473
0.03347826086956522 0.9543
0.03347826086956522 0.953
0.03347826086956522 0.9559
0.03347826086956522 0.9563
0.03347826086956522 0.9544
0.03347826086956522 0.9571
0.03347826086956522 0.9533
0.03347826086956522 0.955
0.03347826086956522 0.9511
0.03956521739130435 0.9345
0.03956521739130435 0.9429
0.03956521739130435 0.9392
0.03956521739130435 0.9358
0.03956521739130435 0.9406
0.03956521739130435 0.9389
0.03956521739130435 0.9395
0.03956521739130435 0.9409
0.03956521739130435 0.9417
0.03956521739130435 0.94
0.045652173913043485 0.9326
0.045652173913043485 0.9246
0.045652173913043485 0.9289
0.045652173913043485 0.9302
0.045652173913043485 0.9214
0.045652173913043485 0.9272
0.045652173913043485 0.9253
0.045652173913043485 0.9339
0.045652173913043485 0.9269
0.045652173913043485 0.9254
0.04260869565217392 0.9323
0.04260869565217392 0.9387
0.04260869565217392 0.9366
0.04260869565217392 0.9337
0.04260869565217392 0.9306
0.04260869565217392 0.9271
0.04260869565217392 0.9324
0.04260869565217392 0.9321
0.04260869565217392 0.9305
0.04260869565217392 0.9308
0.04869565217391305 0.9283
0.04869565217391305 0.9127
0.04869565217391305 0.9193
0.04869565217391305 0.9184
0.04869565217391305 0.9093
0.04869565217391305 0.9205
0.04869565217391305 0.9148
0.04869565217391305 0.9199
0.04869565217391305 0.9153
0.04869565217391305 0.9209
0.051739130434782614 0.9037
0.051739130434782614 0.9149
0.051739130434782614 0.9052
0.051739130434782614 0.907
0.051739130434782614 0.9028
0.051739130434782614 0.9075
0.051739130434782614 0.904
0.051739130434782614 0.9086
0.051739130434782614 0.9098
0.051739130434782614 0.9042
0.05478260869565218 0.9072
0.05478260869565218 0.9012
0.05478260869565218 0.9014
0.05478260869565218 0.8949
0.05478260869565218 0.899
0.05478260869565218 0.9075
0.05478260869565218 0.8932
0.05478260869565218 0.9023
0.05478260869565218 0.9072
0.05478260869565218 0.8973
0.05782608695652175 0.8933
0.05782608695652175 0.8848
0.05782608695652175 0.8876
0.05782608695652175 0.888
0.05782608695652175 0.8864
0.05782608695652175 0.8924
0.05782608695652175 0.8859
0.05782608695652175 0.8947
0.05782608695652175 0.8884
0.05782608695652175 0.8899
0.060869565217391314 0.8731
0.060869565217391314 0.8808
0.060869565217391314 0.8841
0.060869565217391314 0.8825
0.060869565217391314 0.878
0.060869565217391314 0.8764
0.060869565217391314 0.8764
0.060869565217391314 0.885
0.060869565217391314 0.8845
0.060869565217391314 0.8673
0.06695652173913044 0.8613
0.06695652173913044 0.8538
0.06695652173913044 0.8664
0.06695652173913044 0.8579
0.06695652173913044 0.8633
0.06695652173913044 0.862
0.06695652173913044 0.8522
0.06695652173913044 0.8639
0.06695652173913044 0.8652
0.06695652173913044 0.8639
0.06391304347826088 0.8709
0.06391304347826088 0.866
0.06391304347826088 0.8707
0.06391304347826088 0.8673
0.06391304347826088 0.8691
0.06391304347826088 0.8751
0.06391304347826088 0.8747
0.06391304347826088 0.8702
0.06391304347826088 0.8757
0.06391304347826088 0.8732
0.07 0.8487
0.07 0.8618
0.07 0.8547
0.07 0.8401
0.07 0.8582
0.07 0.8441
0.07 0.8588
0.07 0.8432
0.07 0.8484
0.07 0.8437
