0.34 0.696
0.34 0.677
0.34 0.671
0.34 0.688
0.34 0.673
0.34 0.685
0.34 0.664
0.34 0.674
0.34 0.688
0.34 0.664
0.3443478260869565 0.685
0.3443478260869565 0.659
0.3443478260869565 0.674
0.3443478260869565 0.666
0.3443478260869565 0.655
0.3443478260869565 0.685
0.3443478260869565 0.68
0.3443478260869565 0.685
0.3443478260869565 0.693
0.3443478260869565 0.666
0.3617391304347826 0.677
0.3617391304347826 0.656
0.3617391304347826 0.663
0.3617391304347826 0.663
0.3617391304347826 0.663
0.3617391304347826 0.664
0.3617391304347826 0.668
0.3617391304347826 0.647
0.3617391304347826 0.67
0.3617391304347826 0.671
0.3486956521739131 0.7
0.3486956521739131 0.667
0.3486956521739131 0.669
0.3486956521739131 0.66
0.3486956521739131 0.653
0.3486956521739131 0.671
0.3486956521739131 0.684
0.3486956521739131 0.692
0.3486956521739131 0.682
0.3486956521739131 0.683
0.35304347826086957 0.647
0.35304347826086957 0.669
0.35304347826086957 0.672
0.35304347826086957 0.658
0.35304347826086957 0.678
0.35304347826086957 0.659
0.35304347826086957 0.657
0.35304347826086957 0.669
0.35304347826086957 0.669
0.35304347826086957 0.656
0.3573913043478261 0.678
0.3573913043478261 0.647
0.3573913043478261 0.672
0.3573913043478261 0.667
0.3573913043478261 0.661
0.3573913043478261 0.66
0.3573913043478261 0.692
0.3573913043478261 0.661
0.3573913043478261 0.679
0.3573913043478261 0.674
0.37043478260869567 0.636
0.37043478260869567 0.665
0.37043478260869567 0.657
0.37043478260869567 0.651
0.37043478260869567 0.645
0.37043478260869567 0.643
0.37043478260869567 0.659
0.37043478260869567 0.651
0.37043478260869567 0.655
0.37043478260869567 0.679
0.37478260869565216 0.645
0.37478260869565216 0.652
0.37478260869565216 0.662
0.37478260869565216 0.643
0.37478260869565216 0.651
0.37478260869565216 0.664
0.37478260869565216 0.662
0.37478260869565216 0.655
0.37478260869565216 0.669
0.37478260869565216 0.663
0.3791304347826087 0.672
0.3791304347826087 0.66
0.3791304347826087 0.664
0.3791304347826087 0.652
0.3791304347826087 0.634
0.3791304347826087 0.682
0.3791304347826087 0.641
0.3791304347826087 0.661
0.3791304347826087 0.65
0.3791304347826087 0.669
0.36608695652173917 0.666
0.36608695652173917 0.657
0.36608695652173917 0.673
0.36608695652173917 0.659
0.36608695652173917 0.63
0.36608695652173917 0.64
0.36608695652173917 0.656
0.36608695652173917 0.671
0.36608695652173917 0.645
0.36608695652173917 0.65
0.3834782608695652 0.645
0.3834782608695652 0.636
0.3834782608695652 0.627
0.3834782608695652 0.664
0.3834782608695652 0.646
0.3834782608695652 0.639
0.3834782608695652 0.648
0.3834782608695652 0.659
0.3834782608695652 0.645
0.3834782608695652 0.658
0.38782608695652177 0.668
0.38782608695652177 0.636
0.38782608695652177 0.65
0.38782608695652177 0.631
0.38782608695652177 0.638
0.38782608695652177 0.647
0.38782608695652177 0.633
0.38782608695652177 0.664
0.38782608695652177 0.642
0.38782608695652177 0.65
0.4008695652173913 0.649
0.4008695652173913 0.648
0.4008695652173913 0.629
0.4008695652173913 0.645
0.4008695652173913 0.631
0.4008695652173913 0.64
0.4008695652173913 0.643
0.4008695652173913 0.645
0.4008695652173913 0.648
0.4008695652173913 0.635
0.39217391304347826 0.654
0.39217391304347826 0.665
0.39217391304347826 0.642
0.39217391304347826 0.64
0.39217391304347826 0.679
0.39217391304347826 0.667
0.39217391304347826 0.639
0.39217391304347826 0.657
0.39217391304347826 0.653
0.39217391304347826 0.628
0.40521739130434786 0.649
0.40521739130434786 0.652
0.40521739130434786 0.639
0.40521739130434786 0.64
0.40521739130434786 0.639
0.40521739130434786 0.64
0.40521739130434786 0.643
0.40521739130434786 0.65
0.40521739130434786 0.621
0.40521739130434786 0.627
0.3965217391304348 0.652
0.3965217391304348 0.644
0.3965217391304348 0.653
0.3965217391304348 0.629
0.3965217391304348 0.634
0.3965217391304348 0.652
0.3965217391304348 0.642
0.3965217391304348 0.633
0.3965217391304348 0.654
0.3965217391304348 0.64
0.41391304347826086 0.631
0.41391304347826086 0.651
0.41391304347826086 0.631
0.41391304347826086 0.636
0.41391304347826086 0.645
0.41391304347826086 0.634
0.41391304347826086 0.629
0.41391304347826086 0.628
0.41391304347826086 0.643
0.41391304347826086 0.631
0.40956521739130436 0.635
0.40956521739130436 0.649
0.40956521739130436 0.626
0.40956521739130436 0.638
0.40956521739130436 0.651
0.40956521739130436 0.637
0.40956521739130436 0.637
0.40956521739130436 0.645
0.40956521739130436 0.637
0.40956521739130436 0.636
0.4182608695652174 0.658
0.4182608695652174 0.637
0.4182608695652174 0.641
0.4182608695652174 0.625
0.4182608695652174 0.632
0.4182608695652174 0.637
0.4182608695652174 0.632
0.4182608695652174 0.65
0.4182608695652174 0.616
0.4182608695652174 0.627
0.4226086956521739 0.617
0.4226086956521739 0.629
0.4226086956521739 0.639
0.4226086956521739 0.635
0.4226086956521739 0.624
0.4226086956521739 0.624
0.4226086956521739 0.63
0.4226086956521739 0.632
0.4226086956521739 0.642
0.4226086956521739 0.639
0.42695652173913046 0.619
0.42695652173913046 0.629
0.42695652173913046 0.611
0.42695652173913046 0.605
0.42695652173913046 0.625
0.42695652173913046 0.637
0.42695652173913046 0.621
0.42695652173913046 0.634
0.42695652173913046 0.641
0.42695652173913046 0.607
0.44 0.656
0.44 0.631
0.44 0.621
0.44 0.619
0.44 0.632
0.44 0.613
0.44 0.617
0.44 0.626
0.44 0.611
0.44 0.618
0.43130434782608695 0.619
0.43130434782608695 0.644
0.43130434782608695 0.655
0.43130434782608695 0.639
0.43130434782608695 0.619
0.43130434782608695 0.639
0.43130434782608695 0.611
0.43130434782608695 0.63
0.43130434782608695 0.634
0.43130434782608695 0.632
0.43565217391304345 0.616
0.43565217391304345 0.63
0.43565217391304345 0.636
0.43565217391304345 0.639
0.43565217391304345 0.613
0.43565217391304345 0.604
0.43565217391304345 0.63
0.43565217391304345 0.611
0.43565217391304345 0.63
0.43565217391304345 0.63
