0.0029577464788732395 0.5
0.0029577464788732395 0.5
0.0029577464788732395 0.5
0.0029577464788732395 0.5
0.0029577464788732395 0.5
0.0029577464788732395 0.5
0.0029577464788732395 0.4997
0.0029577464788732395 0.5003
0.0029577464788732395 0.4994
0.0029577464788732395 0.5
0.0 0.5
0.0 0.5
0.0 0.4994
0.0 0.5
0.0 0.5
0.0 0.5
0.0 0.5
0.0 0.5
0.0 0.5
0.0 0.5
0.008873239436619718 0.4997
0.008873239436619718 0.4997
0.008873239436619718 0.5
0.008873239436619718 0.5003
0.008873239436619718 0.5
0.008873239436619718 0.5
0.008873239436619718 0.5
0.008873239436619718 0.4994
0.008873239436619718 0.5
0.008873239436619718 0.5011
0.005915492957746479 0.4983
0.005915492957746479 0.5006
0.005915492957746479 0.5
0.005915492957746479 0.4997
0.005915492957746479 0.5
0.005915492957746479 0.5
0.005915492957746479 0.5
0.005915492957746479 0.5003
0.005915492957746479 0.4994
0.005915492957746479 0.5
0.011830985915492958 0.5006
0.011830985915492958 0.5003
0.011830985915492958 0.5
0.011830985915492958 0.5
0.011830985915492958 0.4994
0.011830985915492958 0.5
0.011830985915492958 0.4989
0.011830985915492958 0.5
0.011830985915492958 0.5
0.011830985915492958 0.4997
0.020704225352112676 0.5
0.020704225352112676 0.5006
0.020704225352112676 0.5
0.020704225352112676 0.4997
0.020704225352112676 0.4997
0.020704225352112676 0.5003
0.020704225352112676 0.5003
0.020704225352112676 0.5012
0.020704225352112676 0.5003
0.020704225352112676 0.5
