0.018260869565217393 0.5
0.018260869565217393 0.5
0.018260869565217393 0.5
0.018260869565217393 0.5
0.018260869565217393 0.5
0.018260869565217393 0.5
0.018260869565217393 0.5
0.018260869565217393 0.5
0.018260869565217393 0.495
0.018260869565217393 0.495
0.02130434782608696 0.5
0.02130434782608696 0.5
0.02130434782608696 0.5
0.02130434782608696 0.5
0.02130434782608696 0.5
0.02130434782608696 0.495
0.02130434782608696 0.5
0.02130434782608696 0.505
0.02130434782608696 0.51
0.02130434782608696 0.5
0.024347826086956525 0.495
0.024347826086956525 0.5
0.024347826086956525 0.495
0.024347826086956525 0.505
0.024347826086956525 0.5
0.024347826086956525 0.505
0.024347826086956525 0.5
0.024347826086956525 0.5
0.024347826086956525 0.5
0.024347826086956525 0.5
0.009130434782608696 0.495
0.009130434782608696 0.5
0.009130434782608696 0.509
0.009130434782608696 0.5
0.009130434782608696 0.5
0.009130434782608696 0.5
0.009130434782608696 0.5
0.009130434782608696 0.5
0.009130434782608696 0.495
0.009130434782608696 0.495
0.015217391304347828 0.5
0.015217391304347828 0.495
0.015217391304347828 0.5
0.015217391304347828 0.505
0.015217391304347828 0.509
0.015217391304347828 0.5
0.015217391304347828 0.5
0.015217391304347828 0.505
0.015217391304347828 0.495
0.015217391304347828 0.5
0.006086956521739131 0.5
0.006086956521739131 0.5
0.006086956521739131 0.5
0.006086956521739131 0.5
0.006086956521739131 0.5
0.006086956521739131 0.5
0.006086956521739131 0.5
0.006086956521739131 0.48
0.006086956521739131 0.5
0.006086956521739131 0.5
0.0 0.5
0.0 0.5
0.0 0.5
0.0 0.5
0.0 0.5
0.0 0.5
0.0 0.5
0.0 0.505
0.0 0.5
0.0 0.505
0.0030434782608695656 0.495
0.0030434782608695656 0.5
0.0030434782608695656 0.5
0.0030434782608695656 0.5
0.0030434782608695656 0.5
0.0030434782608695656 0.5
0.0030434782608695656 0.5
0.0030434782608695656 0.49
0.0030434782608695656 0.505
0.0030434782608695656 0.5
0.012173913043478262 0.5
0.012173913043478262 0.505
0.012173913043478262 0.5
0.012173913043478262 0.5
0.012173913043478262 0.5
0.012173913043478262 0.5
0.012173913043478262 0.495
0.012173913043478262 0.5
0.012173913043478262 0.5
0.012173913043478262 0.509
0.03956521739130435 0.5
0.03956521739130435 0.5
0.03956521739130435 0.5
0.03956521739130435 0.495
0.03956521739130435 0.5
0.03956521739130435 0.5
0.03956521739130435 0.5
0.03956521739130435 0.5
0.03956521739130435 0.5
0.03956521739130435 0.5
0.02739130434782609 0.5
0.02739130434782609 0.491
0.02739130434782609 0.5
0.02739130434782609 0.5
0.02739130434782609 0.5
0.02739130434782609 0.5
0.02739130434782609 0.5
0.02739130434782609 0.495
0.02739130434782609 0.5
0.02739130434782609 0.5
0.036521739130434785 0.505
0.036521739130434785 0.5
0.036521739130434785 0.5
0.036521739130434785 0.5
0.036521739130434785 0.5
0.036521739130434785 0.5
0.036521739130434785 0.5
0.036521739130434785 0.5
0.036521739130434785 0.505
0.036521739130434785 0.5
0.04260869565217392 0.5
0.04260869565217392 0.5
0.04260869565217392 0.5
0.04260869565217392 0.5
0.04260869565217392 0.495
0.04260869565217392 0.5
0.04260869565217392 0.5
0.04260869565217392 0.5
0.04260869565217392 0.5
0.04260869565217392 0.5
0.030434782608695657 0.505
0.030434782608695657 0.5
0.030434782608695657 0.5
0.030434782608695657 0.5
0.030434782608695657 0.505
0.030434782608695657 0.5
0.030434782608695657 0.5
0.030434782608695657 0.5
0.030434782608695657 0.495
0.030434782608695657 0.505
0.04869565217391305 0.5
0.04869565217391305 0.5
0.04869565217391305 0.495
0.04869565217391305 0.491
0.04869565217391305 0.495
0.04869565217391305 0.495
0.04869565217391305 0.5
0.04869565217391305 0.5
0.04869565217391305 0.5
0.04869565217391305 0.5
0.045652173913043485 0.505
0.045652173913043485 0.505
0.045652173913043485 0.495
0.045652173913043485 0.5
0.045652173913043485 0.5
0.045652173913043485 0.5
0.045652173913043485 0.5
0.045652173913043485 0.5
0.045652173913043485 0.495
0.045652173913043485 0.5
0.051739130434782614 0.5
0.051739130434782614 0.5
0.051739130434782614 0.5
0.051739130434782614 0.5
0.051739130434782614 0.5
0.051739130434782614 0.5
0.051739130434782614 0.495
0.051739130434782614 0.509
0.051739130434782614 0.5
0.051739130434782614 0.5
0.05478260869565218 0.505
0.05478260869565218 0.5
0.05478260869565218 0.5
0.05478260869565218 0.495
0.05478260869565218 0.5
0.05478260869565218 0.5
0.05478260869565218 0.5
0.05478260869565218 0.5
0.05478260869565218 0.505
0.05478260869565218 0.495
0.03347826086956522 0.5
0.03347826086956522 0.495
0.03347826086956522 0.505
0.03347826086956522 0.5
0.03347826086956522 0.495
0.03347826086956522 0.5
0.03347826086956522 0.5
0.03347826086956522 0.5
0.03347826086956522 0.495
0.03347826086956522 0.495
0.06391304347826088 0.5
0.06391304347826088 0.5
0.06391304347826088 0.5
0.06391304347826088 0.509
0.06391304347826088 0.5
0.06391304347826088 0.495
0.06391304347826088 0.495
0.06391304347826088 0.5
0.06391304347826088 0.489
0.06391304347826088 0.505
0.05782608695652175 0.5
0.05782608695652175 0.5
0.05782608695652175 0.489
0.05782608695652175 0.495
0.05782608695652175 0.5
0.05782608695652175 0.505
0.05782608695652175 0.495
0.05782608695652175 0.5
0.05782608695652175 0.495
0.05782608695652175 0.5
0.060869565217391314 0.5
0.060869565217391314 0.5
0.060869565217391314 0.495
0.060869565217391314 0.509
0.060869565217391314 0.5
0.060869565217391314 0.495
0.060869565217391314 0.5
0.060869565217391314 0.505
0.060869565217391314 0.505
0.060869565217391314 0.5
0.07 0.5
0.07 0.5
0.07 0.5
0.07 0.5
0.07 0.505
0.07 0.5
0.07 0.5
0.07 0.49
0.07 0.495
0.07 0.5
0.06695652173913044 0.505
0.06695652173913044 0.5
0.06695652173913044 0.5
0.06695652173913044 0.5
0.06695652173913044 0.509
0.06695652173913044 0.51
0.06695652173913044 0.5
0.06695652173913044 0.5
0.06695652173913044 0.5
0.06695652173913044 0.5
0.3794366197183099 0.5
0.3794366197183099 0.5
0.3794366197183099 0.495
0.3794366197183099 0.5
0.3794366197183099 0.5
0.3794366197183099 0.505
0.3794366197183099 0.5
0.3794366197183099 0.5
0.3794366197183099 0.495
0.3794366197183099 0.495
0.3625352112676057 0.495
0.3625352112676057 0.5
0.3625352112676057 0.5
0.3625352112676057 0.5
0.3625352112676057 0.5
0.3625352112676057 0.5
0.3625352112676057 0.505
0.3625352112676057 0.5
0.3625352112676057 0.5
0.3625352112676057 0.5
0.3569014084507042 0.495
0.3569014084507042 0.5
0.3569014084507042 0.51
0.3569014084507042 0.495
0.3569014084507042 0.5
0.3569014084507042 0.5
0.3569014084507042 0.5
0.3569014084507042 0.5
0.3569014084507042 0.5
0.3569014084507042 0.5
0.3456338028169014 0.5
0.3456338028169014 0.5
0.3456338028169014 0.5
0.3456338028169014 0.5
0.3456338028169014 0.495
0.3456338028169014 0.5
0.3456338028169014 0.495
0.3456338028169014 0.5
0.3456338028169014 0.5
0.3456338028169014 0.5
0.34 0.495
0.34 0.5
0.34 0.5
0.34 0.5
0.34 0.5
0.34 0.5
0.34 0.5
0.34 0.5
0.34 0.5
0.34 0.5
0.3681690140845071 0.5
0.3681690140845071 0.495
0.3681690140845071 0.5
0.3681690140845071 0.505
0.3681690140845071 0.5
0.3681690140845071 0.495
0.3681690140845071 0.5
0.3681690140845071 0.5
0.3681690140845071 0.5
0.3681690140845071 0.51
0.4019718309859155 0.5
0.4019718309859155 0.5
0.4019718309859155 0.505
0.4019718309859155 0.5
0.4019718309859155 0.5
0.4019718309859155 0.5
0.4019718309859155 0.5
0.4019718309859155 0.5
0.4019718309859155 0.5
0.4019718309859155 0.5
0.3738028169014085 0.5
0.3738028169014085 0.495
0.3738028169014085 0.5
0.3738028169014085 0.5
0.3738028169014085 0.5
0.3738028169014085 0.5
0.3738028169014085 0.505
0.3738028169014085 0.5
0.3738028169014085 0.5
0.3738028169014085 0.5
0.3963380281690141 0.5
0.3963380281690141 0.495
0.3963380281690141 0.5
0.3963380281690141 0.5
0.3963380281690141 0.5
0.3963380281690141 0.505
0.3963380281690141 0.5
0.3963380281690141 0.5
0.3963380281690141 0.5
0.3963380281690141 0.509
0.3512676056338028 0.5
0.3512676056338028 0.505
0.3512676056338028 0.5
0.3512676056338028 0.495
0.3512676056338028 0.505
0.3512676056338028 0.5
0.3512676056338028 0.5
0.3512676056338028 0.495
0.3512676056338028 0.5
0.3512676056338028 0.5
0.3850704225352113 0.491
0.3850704225352113 0.495
0.3850704225352113 0.5
0.3850704225352113 0.5
0.3850704225352113 0.5
0.3850704225352113 0.5
0.3850704225352113 0.5
0.3850704225352113 0.5
0.3850704225352113 0.5
0.3850704225352113 0.5
0.4076056338028169 0.5
0.4076056338028169 0.495
0.4076056338028169 0.5
0.4076056338028169 0.5
0.4076056338028169 0.5
0.4076056338028169 0.505
0.4076056338028169 0.5
0.4076056338028169 0.505
0.4076056338028169 0.5
0.4076056338028169 0.5
0.4132394366197183 0.5
0.4132394366197183 0.5
0.4132394366197183 0.5
0.4132394366197183 0.5
0.4132394366197183 0.491
0.4132394366197183 0.5
0.4132394366197183 0.5
0.4132394366197183 0.505
0.4132394366197183 0.5
0.4132394366197183 0.5
0.3907042253521127 0.5
0.3907042253521127 0.5
0.3907042253521127 0.491
0.3907042253521127 0.5
0.3907042253521127 0.5
0.3907042253521127 0.5
0.3907042253521127 0.5
0.3907042253521127 0.5
0.3907042253521127 0.505
0.3907042253521127 0.505
0.42450704225352115 0.5
0.42450704225352115 0.5
0.42450704225352115 0.5
0.42450704225352115 0.5
0.42450704225352115 0.5
0.42450704225352115 0.495
0.42450704225352115 0.495
0.42450704225352115 0.5
0.42450704225352115 0.505
0.42450704225352115 0.495
0.41887323943661975 0.5
0.41887323943661975 0.5
0.41887323943661975 0.497
0.41887323943661975 0.5
0.41887323943661975 0.5
0.41887323943661975 0.505
0.41887323943661975 0.5
0.41887323943661975 0.5
0.41887323943661975 0.5
0.41887323943661975 0.5
0.43014084507042255 0.5
0.43014084507042255 0.5
0.43014084507042255 0.505
0.43014084507042255 0.5
0.43014084507042255 0.495
0.43014084507042255 0.5
0.43014084507042255 0.5
0.43014084507042255 0.495
0.43014084507042255 0.5
0.43014084507042255 0.5
0.43577464788732395 0.51
0.43577464788732395 0.5
0.43577464788732395 0.5
0.43577464788732395 0.5
0.43577464788732395 0.5
0.43577464788732395 0.5
0.43577464788732395 0.5
0.43577464788732395 0.5
0.43577464788732395 0.509
0.43577464788732395 0.505
0.4470422535211268 0.5
0.4470422535211268 0.5
0.4470422535211268 0.5
0.4470422535211268 0.5
0.4470422535211268 0.5
0.4470422535211268 0.5
0.4470422535211268 0.505
0.4470422535211268 0.5
0.4470422535211268 0.495
0.4470422535211268 0.5
0.4583098591549296 0.505
0.4583098591549296 0.5
0.4583098591549296 0.5
0.4583098591549296 0.5
0.4583098591549296 0.5
0.4583098591549296 0.5
0.4583098591549296 0.5
0.4583098591549296 0.5
0.4583098591549296 0.5
0.4583098591549296 0.5
0.44140845070422535 0.518
0.44140845070422535 0.5
0.44140845070422535 0.5
0.44140845070422535 0.5
0.44140845070422535 0.495
0.44140845070422535 0.495
0.44140845070422535 0.5
0.44140845070422535 0.5
0.44140845070422535 0.495
0.44140845070422535 0.5
0.463943661971831 0.5
0.463943661971831 0.5
0.463943661971831 0.5
0.463943661971831 0.495
0.463943661971831 0.5
0.463943661971831 0.5
0.463943661971831 0.5
0.463943661971831 0.495
0.463943661971831 0.505
0.463943661971831 0.5
0.492112676056338 0.5
0.492112676056338 0.5
0.492112676056338 0.505
0.492112676056338 0.5
0.492112676056338 0.5
0.492112676056338 0.491
0.492112676056338 0.5
0.492112676056338 0.5
0.492112676056338 0.5
0.492112676056338 0.5
0.4695774647887324 0.5
0.4695774647887324 0.495
0.4695774647887324 0.5
0.4695774647887324 0.495
0.4695774647887324 0.495
0.4695774647887324 0.5
0.4695774647887324 0.5
0.4695774647887324 0.5
0.4695774647887324 0.505
0.4695774647887324 0.5
0.4808450704225352 0.5
0.4808450704225352 0.5
0.4808450704225352 0.495
0.4808450704225352 0.5
0.4808450704225352 0.5
0.4808450704225352 0.505
0.4808450704225352 0.5
0.4808450704225352 0.505
0.4808450704225352 0.5
0.4808450704225352 0.505
0.5033802816901408 0.5
0.5033802816901408 0.5
0.5033802816901408 0.5
0.5033802816901408 0.509
0.5033802816901408 0.5
0.5033802816901408 0.495
0.5033802816901408 0.5
0.5033802816901408 0.5
0.5033802816901408 0.5
0.5033802816901408 0.5
0.4752112676056338 0.505
0.4752112676056338 0.5
0.4752112676056338 0.49
0.4752112676056338 0.5
0.4752112676056338 0.5
0.4752112676056338 0.5
0.4752112676056338 0.495
0.4752112676056338 0.5
0.4752112676056338 0.505
0.4752112676056338 0.5
0.4526760563380282 0.5
0.4526760563380282 0.505
0.4526760563380282 0.5
0.4526760563380282 0.495
0.4526760563380282 0.5
0.4526760563380282 0.5
0.4526760563380282 0.5
0.4526760563380282 0.495
0.4526760563380282 0.5
0.4526760563380282 0.5
0.4864788732394366 0.518
0.4864788732394366 0.495
0.4864788732394366 0.5
0.4864788732394366 0.495
0.4864788732394366 0.5
0.4864788732394366 0.489
0.4864788732394366 0.5
0.4864788732394366 0.5
0.4864788732394366 0.5
0.4864788732394366 0.5
0.4977464788732394 0.5
0.4977464788732394 0.495
0.4977464788732394 0.5
0.4977464788732394 0.5
0.4977464788732394 0.5
0.4977464788732394 0.5
0.4977464788732394 0.5
0.4977464788732394 0.5
0.4977464788732394 0.495
0.4977464788732394 0.505
0.5371830985915493 0.5
0.5371830985915493 0.5
0.5371830985915493 0.5
0.5371830985915493 0.5
0.5371830985915493 0.5
0.5371830985915493 0.5
0.5371830985915493 0.5
0.5371830985915493 0.5
0.5371830985915493 0.5
0.5371830985915493 0.5
0.5315492957746479 0.5
0.5315492957746479 0.5
0.5315492957746479 0.5
0.5315492957746479 0.5
0.5315492957746479 0.49
0.5315492957746479 0.5
0.5315492957746479 0.5
0.5315492957746479 0.5
0.5315492957746479 0.5
0.5315492957746479 0.5
0.5202816901408451 0.5
0.5202816901408451 0.5
0.5202816901408451 0.5
0.5202816901408451 0.5
0.5202816901408451 0.5
0.5202816901408451 0.5
0.5202816901408451 0.495
0.5202816901408451 0.505
0.5202816901408451 0.5
0.5202816901408451 0.49
0.5090140845070423 0.5
0.5090140845070423 0.5
0.5090140845070423 0.495
0.5090140845070423 0.5
0.5090140845070423 0.5
0.5090140845070423 0.5
0.5090140845070423 0.505
0.5090140845070423 0.495
0.5090140845070423 0.5
0.5090140845070423 0.51
0.5484507042253521 0.5
0.5484507042253521 0.5
0.5484507042253521 0.5
0.5484507042253521 0.5
0.5484507042253521 0.5
0.5484507042253521 0.5
0.5484507042253521 0.5
0.5484507042253521 0.5
0.5484507042253521 0.5
0.5484507042253521 0.495
0.5259154929577465 0.5
0.5259154929577465 0.5
0.5259154929577465 0.5
0.5259154929577465 0.5
0.5259154929577465 0.5
0.5259154929577465 0.491
0.5259154929577465 0.495
0.5259154929577465 0.5
0.5259154929577465 0.5
0.5259154929577465 0.5
0.5146478873239437 0.505
0.5146478873239437 0.495
0.5146478873239437 0.505
0.5146478873239437 0.5
0.5146478873239437 0.495
0.5146478873239437 0.5
0.5146478873239437 0.489
0.5146478873239437 0.505
0.5146478873239437 0.495
0.5146478873239437 0.495
0.5653521126760563 0.5
0.5653521126760563 0.5
0.5653521126760563 0.5
0.5653521126760563 0.5
0.5653521126760563 0.5
0.5653521126760563 0.5
0.5653521126760563 0.5
0.5653521126760563 0.5
0.5653521126760563 0.5
0.5653521126760563 0.5
0.5428169014084507 0.511
0.5428169014084507 0.5
0.5428169014084507 0.505
0.5428169014084507 0.505
0.5428169014084507 0.5
0.5428169014084507 0.5
0.5428169014084507 0.5
0.5428169014084507 0.5
0.5428169014084507 0.5
0.5428169014084507 0.505
0.5709859154929577 0.5
0.5709859154929577 0.5
0.5709859154929577 0.5
0.5709859154929577 0.5
0.5709859154929577 0.5
0.5709859154929577 0.5
0.5709859154929577 0.5
0.5709859154929577 0.5
0.5709859154929577 0.505
0.5709859154929577 0.495
0.5540845070422535 0.495
0.5540845070422535 0.495
0.5540845070422535 0.5
0.5540845070422535 0.5
0.5540845070422535 0.5
0.5540845070422535 0.5
0.5540845070422535 0.5
0.5540845070422535 0.5
0.5540845070422535 0.5
0.5540845070422535 0.5
0.5597183098591549 0.5
0.5597183098591549 0.5
0.5597183098591549 0.505
0.5597183098591549 0.5
0.5597183098591549 0.5
0.5597183098591549 0.505
0.5597183098591549 0.505
0.5597183098591549 0.5
0.5597183098591549 0.5
0.5597183098591549 0.5
0.5766197183098591 0.5
0.5766197183098591 0.5
0.5766197183098591 0.5
0.5766197183098591 0.495
0.5766197183098591 0.5
0.5766197183098591 0.505
0.5766197183098591 0.5
0.5766197183098591 0.5
0.5766197183098591 0.5
0.5766197183098591 0.5
0.5822535211267605 0.5
0.5822535211267605 0.5
0.5822535211267605 0.5
0.5822535211267605 0.5
0.5822535211267605 0.495
0.5822535211267605 0.5
0.5822535211267605 0.5
0.5822535211267605 0.5
0.5822535211267605 0.505
0.5822535211267605 0.5
0.5991549295774647 0.505
0.5991549295774647 0.5
0.5991549295774647 0.495
0.5991549295774647 0.5
0.5991549295774647 0.5
0.5991549295774647 0.5
0.5991549295774647 0.5
0.5991549295774647 0.505
0.5991549295774647 0.5
0.5991549295774647 0.5
0.6216901408450703 0.505
0.6216901408450703 0.5
0.6216901408450703 0.505
0.6216901408450703 0.5
0.6216901408450703 0.5
0.6216901408450703 0.5
0.6216901408450703 0.5
0.6216901408450703 0.5
0.6216901408450703 0.5
0.6216901408450703 0.5
0.5878873239436619 0.5
0.5878873239436619 0.5
0.5878873239436619 0.5
0.5878873239436619 0.505
0.5878873239436619 0.491
0.5878873239436619 0.5
0.5878873239436619 0.505
0.5878873239436619 0.5
0.5878873239436619 0.5
0.5878873239436619 0.505
0.6329577464788732 0.495
0.6329577464788732 0.511
0.6329577464788732 0.5
0.6329577464788732 0.495
0.6329577464788732 0.5
0.6329577464788732 0.5
0.6329577464788732 0.5
0.6329577464788732 0.5
0.6329577464788732 0.5
0.6329577464788732 0.5
0.616056338028169 0.5
0.616056338028169 0.5
0.616056338028169 0.505
0.616056338028169 0.5
0.616056338028169 0.5
0.616056338028169 0.5
0.616056338028169 0.5
0.616056338028169 0.5
0.616056338028169 0.5
0.616056338028169 0.5
0.6104225352112675 0.5
0.6104225352112675 0.505
0.6104225352112675 0.5
0.6104225352112675 0.505
0.6104225352112675 0.495
0.6104225352112675 0.5
0.6104225352112675 0.495
0.6104225352112675 0.505
0.6104225352112675 0.5
0.6104225352112675 0.5
0.6047887323943661 0.5
0.6047887323943661 0.5
0.6047887323943661 0.5
0.6047887323943661 0.5
0.6047887323943661 0.5
0.6047887323943661 0.5
0.6047887323943661 0.5
0.6047887323943661 0.5
0.6047887323943661 0.5
0.6047887323943661 0.5
0.6273239436619718 0.5
0.6273239436619718 0.5
0.6273239436619718 0.5
0.6273239436619718 0.5
0.6273239436619718 0.495
0.6273239436619718 0.495
0.6273239436619718 0.5
0.6273239436619718 0.5
0.6273239436619718 0.495
0.6273239436619718 0.5
0.5935211267605633 0.5
0.5935211267605633 0.5
0.5935211267605633 0.5
0.5935211267605633 0.505
0.5935211267605633 0.5
0.5935211267605633 0.5
0.5935211267605633 0.5
0.5935211267605633 0.505
0.5935211267605633 0.5
0.5935211267605633 0.5
0.6611267605633803 0.5
0.6611267605633803 0.5
0.6611267605633803 0.5
0.6611267605633803 0.51
0.6611267605633803 0.5
0.6611267605633803 0.495
0.6611267605633803 0.5
0.6611267605633803 0.5
0.6611267605633803 0.5
0.6611267605633803 0.5
0.6385915492957747 0.5
0.6385915492957747 0.495
0.6385915492957747 0.5
0.6385915492957747 0.5
0.6385915492957747 0.5
0.6385915492957747 0.5
0.6385915492957747 0.5
0.6385915492957747 0.5
0.6385915492957747 0.5
0.6385915492957747 0.495
0.6442253521126761 0.5
0.6442253521126761 0.5
0.6442253521126761 0.5
0.6442253521126761 0.505
0.6442253521126761 0.5
0.6442253521126761 0.5
0.6442253521126761 0.5
0.6442253521126761 0.5
0.6442253521126761 0.5
0.6442253521126761 0.5
0.6498591549295775 0.5
0.6498591549295775 0.495
0.6498591549295775 0.495
0.6498591549295775 0.5
0.6498591549295775 0.5
0.6498591549295775 0.495
0.6498591549295775 0.5
0.6498591549295775 0.5
0.6498591549295775 0.505
0.6498591549295775 0.5
0.6780281690140846 0.5
0.6780281690140846 0.5
0.6780281690140846 0.509
0.6780281690140846 0.5
0.6780281690140846 0.5
0.6780281690140846 0.5
0.6780281690140846 0.5
0.6780281690140846 0.5
0.6780281690140846 0.5
0.6780281690140846 0.5
0.6554929577464789 0.49
0.6554929577464789 0.505
0.6554929577464789 0.505
0.6554929577464789 0.5
0.6554929577464789 0.5
0.6554929577464789 0.5
0.6554929577464789 0.5
0.6554929577464789 0.5
0.6554929577464789 0.495
0.6554929577464789 0.495
0.6723943661971831 0.5
0.6723943661971831 0.495
0.6723943661971831 0.5
0.6723943661971831 0.505
0.6723943661971831 0.5
0.6723943661971831 0.505
0.6723943661971831 0.5
0.6723943661971831 0.5
0.6723943661971831 0.5
0.6723943661971831 0.495
0.6667605633802817 0.5
0.6667605633802817 0.5
0.6667605633802817 0.495
0.6667605633802817 0.505
0.6667605633802817 0.5
0.6667605633802817 0.495
0.6667605633802817 0.5
0.6667605633802817 0.5
0.6667605633802817 0.505
0.6667605633802817 0.505
0.7174647887323944 0.5
0.7174647887323944 0.509
0.7174647887323944 0.5
0.7174647887323944 0.5
0.7174647887323944 0.5
0.7174647887323944 0.5
0.7174647887323944 0.5
0.7174647887323944 0.5
0.7174647887323944 0.5
0.7174647887323944 0.5
0.6892957746478874 0.5
0.6892957746478874 0.5
0.6892957746478874 0.5
0.6892957746478874 0.5
0.6892957746478874 0.505
0.6892957746478874 0.5
0.6892957746478874 0.5
0.6892957746478874 0.491
0.6892957746478874 0.5
0.6892957746478874 0.505
0.6949295774647888 0.495
0.6949295774647888 0.5
0.6949295774647888 0.495
0.6949295774647888 0.5
0.6949295774647888 0.5
0.6949295774647888 0.5
0.6949295774647888 0.5
0.6949295774647888 0.5
0.6949295774647888 0.495
0.6949295774647888 0.5
0.683661971830986 0.5
0.683661971830986 0.5
0.683661971830986 0.5
0.683661971830986 0.5
0.683661971830986 0.5
0.683661971830986 0.495
0.683661971830986 0.491
0.683661971830986 0.505
0.683661971830986 0.495
0.683661971830986 0.5
0.7343661971830986 0.5
0.7343661971830986 0.495
0.7343661971830986 0.5
0.7343661971830986 0.5
0.7343661971830986 0.5
0.7343661971830986 0.5
0.7343661971830986 0.5
0.7343661971830986 0.5
0.7343661971830986 0.5
0.7343661971830986 0.495
0.7230985915492958 0.5
0.7230985915492958 0.51
0.7230985915492958 0.5
0.7230985915492958 0.5
0.7230985915492958 0.5
0.7230985915492958 0.5
0.7230985915492958 0.505
0.7230985915492958 0.5
0.7230985915492958 0.5
0.7230985915492958 0.5
0.7005633802816902 0.5
0.7005633802816902 0.505
0.7005633802816902 0.495
0.7005633802816902 0.5
0.7005633802816902 0.5
0.7005633802816902 0.509
0.7005633802816902 0.495
0.7005633802816902 0.5
0.7005633802816902 0.5
0.7005633802816902 0.505
0.74 0.5
0.74 0.5
0.74 0.5
0.74 0.5
0.74 0.505
0.74 0.5
0.74 0.5
0.74 0.5
0.74 0.5
0.74 0.5
0.711830985915493 0.5
0.711830985915493 0.5
0.711830985915493 0.5
0.711830985915493 0.5
0.711830985915493 0.5
0.711830985915493 0.491
0.711830985915493 0.5
0.711830985915493 0.505
0.711830985915493 0.5
0.711830985915493 0.5
0.7061971830985916 0.505
0.7061971830985916 0.5
0.7061971830985916 0.5
0.7061971830985916 0.495
0.7061971830985916 0.5
0.7061971830985916 0.5
0.7061971830985916 0.495
0.7061971830985916 0.509
0.7061971830985916 0.5
0.7061971830985916 0.5
0.7287323943661972 0.5
0.7287323943661972 0.5
0.7287323943661972 0.5
0.7287323943661972 0.5
0.7287323943661972 0.5
0.7287323943661972 0.5
0.7287323943661972 0.5
0.7287323943661972 0.5
0.7287323943661972 0.5
0.7287323943661972 0.5
