0.7839130434782609 0.652
0.7839130434782609 0.662
0.7839130434782609 0.677
0.7839130434782609 0.661
0.7839130434782609 0.673
0.7839130434782609 0.661
0.7839130434782609 0.659
0.7839130434782609 0.664
0.7839130434782609 0.677
0.7839130434782609 0.664
0.7715217391304348 0.662
0.7715217391304348 0.66
0.7715217391304348 0.66
0.7715217391304348 0.673
0.7715217391304348 0.657
0.7715217391304348 0.656
0.7715217391304348 0.668
0.7715217391304348 0.653
0.7715217391304348 0.664
0.7715217391304348 0.658
0.7797826086956522 0.657
0.7797826086956522 0.665
0.7797826086956522 0.644
0.7797826086956522 0.664
0.7797826086956522 0.658
0.7797826086956522 0.676
0.7797826086956522 0.668
0.7797826086956522 0.668
0.7797826086956522 0.661
0.7797826086956522 0.665
0.7673913043478261 0.659
0.7673913043478261 0.649
0.7673913043478261 0.661
0.7673913043478261 0.653
0.7673913043478261 0.673
0.7673913043478261 0.657
0.7673913043478261 0.657
0.7673913043478261 0.657
0.7673913043478261 0.656
0.7673913043478261 0.673
0.7591304347826087 0.668
0.7591304347826087 0.668
0.7591304347826087 0.655
0.7591304347826087 0.665
0.7591304347826087 0.661
0.7591304347826087 0.677
0.7591304347826087 0.658
0.7591304347826087 0.659
0.7591304347826087 0.662
0.7591304347826087 0.677
0.7756521739130435 0.66
0.7756521739130435 0.68
0.7756521739130435 0.676
0.7756521739130435 0.657
0.7756521739130435 0.659
0.7756521739130435 0.677
0.7756521739130435 0.673
0.7756521739130435 0.658
0.7756521739130435 0.641
0.7756521739130435 0.659
0.7632608695652174 0.662
0.7632608695652174 0.655
0.7632608695652174 0.657
0.7632608695652174 0.656
0.7632608695652174 0.653
0.7632608695652174 0.668
0.7632608695652174 0.668
0.7632608695652174 0.664
0.7632608695652174 0.668
0.7632608695652174 0.699
0.755 0.676
0.755 0.673
0.755 0.662
0.755 0.655
0.755 0.66
0.755 0.668
0.755 0.665
0.755 0.677
0.755 0.665
0.755 0.657
0.7880434782608695 0.662
0.7880434782608695 0.668
0.7880434782608695 0.662
0.7880434782608695 0.661
0.7880434782608695 0.658
0.7880434782608695 0.662
0.7880434782608695 0.66
0.7880434782608695 0.664
0.7880434782608695 0.657
0.7880434782608695 0.658
0.796304347826087 0.66
0.796304347826087 0.653
0.796304347826087 0.662
0.796304347826087 0.656
0.796304347826087 0.657
0.796304347826087 0.668
0.796304347826087 0.656
0.796304347826087 0.665
0.796304347826087 0.659
0.796304347826087 0.649
0.7921739130434783 0.66
0.7921739130434783 0.661
0.7921739130434783 0.649
0.7921739130434783 0.676
0.7921739130434783 0.657
0.7921739130434783 0.662
0.7921739130434783 0.658
0.7921739130434783 0.659
0.7921739130434783 0.673
0.7921739130434783 0.661
0.8004347826086956 0.659
0.8004347826086956 0.653
0.8004347826086956 0.664
0.8004347826086956 0.668
0.8004347826086956 0.662
0.8004347826086956 0.659
0.8004347826086956 0.673
0.8004347826086956 0.649
0.8004347826086956 0.655
0.8004347826086956 0.658
0.808695652173913 0.649
0.808695652173913 0.649
0.808695652173913 0.661
0.808695652173913 0.661
0.808695652173913 0.661
0.808695652173913 0.658
0.808695652173913 0.661
0.808695652173913 0.664
0.808695652173913 0.658
0.808695652173913 0.664
0.8045652173913044 0.662
0.8045652173913044 0.664
0.8045652173913044 0.656
0.8045652173913044 0.661
0.8045652173913044 0.66
0.8045652173913044 0.658
0.8045652173913044 0.658
0.8045652173913044 0.658
0.8045652173913044 0.668
0.8045652173913044 0.66
0.8128260869565217 0.656
0.8128260869565217 0.665
0.8128260869565217 0.656
0.8128260869565217 0.657
0.8128260869565217 0.66
0.8128260869565217 0.661
0.8128260869565217 0.655
0.8128260869565217 0.668
0.8128260869565217 0.658
0.8128260869565217 0.658
0.8169565217391305 0.66
0.8169565217391305 0.66
0.8169565217391305 0.649
0.8169565217391305 0.664
0.8169565217391305 0.641
0.8169565217391305 0.649
0.8169565217391305 0.668
0.8169565217391305 0.662
0.8169565217391305 0.653
0.8169565217391305 0.66
0.8252173913043478 0.664
0.8252173913043478 0.649
0.8252173913043478 0.652
0.8252173913043478 0.661
0.8252173913043478 0.655
0.8252173913043478 0.641
0.8252173913043478 0.665
0.8252173913043478 0.659
0.8252173913043478 0.659
0.8252173913043478 0.665
0.8293478260869565 0.668
0.8293478260869565 0.668
0.8293478260869565 0.652
0.8293478260869565 0.652
0.8293478260869565 0.649
0.8293478260869565 0.673
0.8293478260869565 0.657
0.8293478260869565 0.664
0.8293478260869565 0.656
0.8293478260869565 0.658
0.8210869565217391 0.655
0.8210869565217391 0.641
0.8210869565217391 0.665
0.8210869565217391 0.662
0.8210869565217391 0.662
0.8210869565217391 0.661
0.8210869565217391 0.652
0.8210869565217391 0.652
0.8210869565217391 0.653
0.8210869565217391 0.664
0.8417391304347825 0.66
0.8417391304347825 0.656
0.8417391304347825 0.649
0.8417391304347825 0.659
0.8417391304347825 0.644
0.8417391304347825 0.644
0.8417391304347825 0.655
0.8417391304347825 0.659
0.8417391304347825 0.649
0.8417391304347825 0.657
0.8376086956521739 0.656
0.8376086956521739 0.644
0.8376086956521739 0.652
0.8376086956521739 0.652
0.8376086956521739 0.652
0.8376086956521739 0.644
0.8376086956521739 0.649
0.8376086956521739 0.653
0.8376086956521739 0.655
0.8376086956521739 0.644
0.8458695652173913 0.658
0.8458695652173913 0.664
0.8458695652173913 0.649
0.8458695652173913 0.653
0.8458695652173913 0.649
0.8458695652173913 0.641
0.8458695652173913 0.655
0.8458695652173913 0.656
0.8458695652173913 0.649
0.8458695652173913 0.665
0.8334782608695652 0.658
0.8334782608695652 0.656
0.8334782608695652 0.658
0.8334782608695652 0.652
0.8334782608695652 0.652
0.8334782608695652 0.665
0.8334782608695652 0.639
0.8334782608695652 0.658
0.8334782608695652 0.644
0.8334782608695652 0.644
0.85 0.639
0.85 0.662
0.85 0.644
0.85 0.633
0.85 0.644
0.85 0.649
0.85 0.66
0.85 0.641
0.85 0.657
0.85 0.649
