0.0 1.0
0.0 1.0
0.0 1.0
0.0 1.0
0.0 1.0
0.0 1.0
0.0 1.0
0.0 1.0
0.0 1.0
0.0 1.0
0.0030434782608695656 0.999
0.0030434782608695656 0.994
0.0030434782608695656 0.997
0.0030434782608695656 0.995
0.0030434782608695656 0.997
0.0030434782608695656 1.0
0.0030434782608695656 0.996
0.0030434782608695656 0.997
0.0030434782608695656 0.998
0.0030434782608695656 0.997
0.015217391304347828 0.982
0.015217391304347828 0.984
0.015217391304347828 0.984
0.015217391304347828 0.987
0.015217391304347828 0.987
0.015217391304347828 0.985
0.015217391304347828 0.986
0.015217391304347828 0.988
0.015217391304347828 0.984
0.015217391304347828 0.985
0.018260869565217393 0.987
0.018260869565217393 0.978
0.018260869565217393 0.982
0.018260869565217393 0.983
0.018260869565217393 0.979
0.018260869565217393 0.993
0.018260869565217393 0.97
0.018260869565217393 0.984
0.018260869565217393 0.984
0.018260869565217393 0.984
0.009130434782608696 0.991
0.009130434782608696 0.993
0.009130434782608696 0.987
0.009130434782608696 0.985
0.009130434782608696 0.996
0.009130434782608696 0.991
0.009130434782608696 0.994
0.009130434782608696 0.992
0.009130434782608696 0.987
0.009130434782608696 0.992
0.012173913043478262 0.985
0.012173913043478262 0.985
0.012173913043478262 0.992
0.012173913043478262 0.987
0.012173913043478262 0.993
0.012173913043478262 0.992
0.012173913043478262 0.973
0.012173913043478262 0.99
0.012173913043478262 0.988
0.012173913043478262 0.987
0.006086956521739131 0.998
0.006086956521739131 0.991
0.006086956521739131 0.992
0.006086956521739131 0.995
0.006086956521739131 0.998
0.006086956521739131 0.997
0.006086956521739131 0.997
0.006086956521739131 0.994
0.006086956521739131 0.998
0.006086956521739131 0.994
0.02130434782608696 0.986
0.02130434782608696 0.981
0.02130434782608696 0.981
0.02130434782608696 0.981
0.02130434782608696 0.983
0.02130434782608696 0.977
0.02130434782608696 0.983
0.02130434782608696 0.976
0.02130434782608696 0.986
0.02130434782608696 0.982
0.024347826086956525 0.973
0.024347826086956525 0.974
0.024347826086956525 0.982
0.024347826086956525 0.978
0.024347826086956525 0.972
0.024347826086956525 0.982
0.024347826086956525 0.973
0.024347826086956525 0.978
0.024347826086956525 0.969
0.024347826086956525 0.972
0.030434782608695657 0.968
0.030434782608695657 0.961
0.030434782608695657 0.977
0.030434782608695657 0.971
0.030434782608695657 0.971
0.030434782608695657 0.97
0.030434782608695657 0.965
0.030434782608695657 0.962
0.030434782608695657 0.967
0.030434782608695657 0.974
0.036521739130434785 0.965
0.036521739130434785 0.962
0.036521739130434785 0.952
0.036521739130434785 0.958
0.036521739130434785 0.956
0.036521739130434785 0.959
0.036521739130434785 0.974
0.036521739130434785 0.973
0.036521739130434785 0.96
0.036521739130434785 0.962
0.03347826086956522 0.963
0.03347826086956522 0.971
0.03347826086956522 0.959
0.03347826086956522 0.975
0.03347826086956522 0.965
0.03347826086956522 0.964
0.03347826086956522 0.973
0.03347826086956522 0.957
0.03347826086956522 0.977
0.03347826086956522 0.975
0.03956521739130435 0.961
0.03956521739130435 0.959
0.03956521739130435 0.953
0.03956521739130435 0.951
0.03956521739130435 0.965
0.03956521739130435 0.96
0.03956521739130435 0.965
0.03956521739130435 0.957
0.03956521739130435 0.963
0.03956521739130435 0.957
0.02739130434782609 0.979
0.02739130434782609 0.967
0.02739130434782609 0.973
0.02739130434782609 0.971
0.02739130434782609 0.966
0.02739130434782609 0.973
0.02739130434782609 0.97
0.02739130434782609 0.968
0.02739130434782609 0.97
0.02739130434782609 0.982
0.04260869565217392 0.956
0.04260869565217392 0.948
0.04260869565217392 0.962
0.04260869565217392 0.957
0.04260869565217392 0.963
0.04260869565217392 0.953
0.04260869565217392 0.958
0.04260869565217392 0.952
0.04260869565217392 0.951
0.04260869565217392 0.967
0.045652173913043485 0.958
0.045652173913043485 0.955
0.045652173913043485 0.958
0.045652173913043485 0.953
0.045652173913043485 0.959
0.045652173913043485 0.959
0.045652173913043485 0.957
0.045652173913043485 0.954
0.045652173913043485 0.956
0.045652173913043485 0.949
0.04869565217391305 0.946
0.04869565217391305 0.954
0.04869565217391305 0.957
0.04869565217391305 0.947
0.04869565217391305 0.951
0.04869565217391305 0.952
0.04869565217391305 0.953
0.04869565217391305 0.942
0.04869565217391305 0.946
0.04869565217391305 0.942
0.06391304347826088 0.934
0.06391304347826088 0.945
0.06391304347826088 0.929
0.06391304347826088 0.927
0.06391304347826088 0.929
0.06391304347826088 0.952
0.06391304347826088 0.944
0.06391304347826088 0.928
0.06391304347826088 0.936
0.06391304347826088 0.923
0.06695652173913044 0.938
0.06695652173913044 0.944
0.06695652173913044 0.936
0.06695652173913044 0.944
0.06695652173913044 0.937
0.06695652173913044 0.927
0.06695652173913044 0.944
0.06695652173913044 0.94
0.06695652173913044 0.942
0.06695652173913044 0.947
0.07 0.926
0.07 0.932
0.07 0.923
0.07 0.93
0.07 0.93
0.07 0.928
0.07 0.923
0.07 0.931
0.07 0.928
0.07 0.928
0.051739130434782614 0.941
0.051739130434782614 0.955
0.051739130434782614 0.946
0.051739130434782614 0.956
0.051739130434782614 0.956
0.051739130434782614 0.951
0.051739130434782614 0.958
0.051739130434782614 0.942
0.051739130434782614 0.942
0.051739130434782614 0.95
0.05782608695652175 0.947
0.05782608695652175 0.957
0.05782608695652175 0.941
0.05782608695652175 0.933
0.05782608695652175 0.944
0.05782608695652175 0.944
0.05782608695652175 0.947
0.05782608695652175 0.942
0.05782608695652175 0.938
0.05782608695652175 0.937
0.05478260869565218 0.936
0.05478260869565218 0.945
0.05478260869565218 0.94
0.05478260869565218 0.943
0.05478260869565218 0.951
0.05478260869565218 0.947
0.05478260869565218 0.937
0.05478260869565218 0.945
0.05478260869565218 0.937
0.05478260869565218 0.942
0.060869565217391314 0.934
0.060869565217391314 0.94
0.060869565217391314 0.937
0.060869565217391314 0.941
0.060869565217391314 0.938
0.060869565217391314 0.931
0.060869565217391314 0.938
0.060869565217391314 0.933
0.060869565217391314 0.937
0.060869565217391314 0.935
0.3573913043478261 0.695
0.3573913043478261 0.678
0.3573913043478261 0.672
0.3573913043478261 0.678
0.3573913043478261 0.663
0.3573913043478261 0.682
0.3573913043478261 0.68
0.3573913043478261 0.687
0.3573913043478261 0.679
0.3573913043478261 0.675
0.36608695652173917 0.684
0.36608695652173917 0.683
0.36608695652173917 0.674
0.36608695652173917 0.709
0.36608695652173917 0.688
0.36608695652173917 0.685
0.36608695652173917 0.672
0.36608695652173917 0.679
0.36608695652173917 0.681
0.36608695652173917 0.67
0.3617391304347826 0.668
0.3617391304347826 0.686
0.3617391304347826 0.691
0.3617391304347826 0.676
0.3617391304347826 0.692
0.3617391304347826 0.678
0.3617391304347826 0.673
0.3617391304347826 0.71
0.3617391304347826 0.683
0.3617391304347826 0.679
0.35304347826086957 0.678
0.35304347826086957 0.681
0.35304347826086957 0.707
0.35304347826086957 0.702
0.35304347826086957 0.687
0.35304347826086957 0.683
0.35304347826086957 0.701
0.35304347826086957 0.672
0.35304347826086957 0.676
0.35304347826086957 0.686
0.3486956521739131 0.683
0.3486956521739131 0.678
0.3486956521739131 0.695
0.3486956521739131 0.682
0.3486956521739131 0.697
0.3486956521739131 0.708
0.3486956521739131 0.682
0.3486956521739131 0.687
0.3486956521739131 0.688
0.3486956521739131 0.7
0.3443478260869565 0.698
0.3443478260869565 0.689
0.3443478260869565 0.694
0.3443478260869565 0.679
0.3443478260869565 0.693
0.3443478260869565 0.68
0.3443478260869565 0.688
0.3443478260869565 0.684
0.3443478260869565 0.697
0.3443478260869565 0.693
0.34 0.683
0.34 0.704
0.34 0.689
0.34 0.683
0.34 0.713
0.34 0.694
0.34 0.694
0.34 0.712
0.34 0.673
0.34 0.694
0.37043478260869567 0.688
0.37043478260869567 0.678
0.37043478260869567 0.675
0.37043478260869567 0.675
0.37043478260869567 0.696
0.37043478260869567 0.675
0.37043478260869567 0.685
0.37043478260869567 0.663
0.37043478260869567 0.666
0.37043478260869567 0.691
0.3791304347826087 0.656
0.3791304347826087 0.677
0.3791304347826087 0.65
0.3791304347826087 0.657
0.3791304347826087 0.674
0.3791304347826087 0.675
0.3791304347826087 0.673
0.3791304347826087 0.676
0.3791304347826087 0.701
0.3791304347826087 0.66
0.37478260869565216 0.685
0.37478260869565216 0.686
0.37478260869565216 0.666
0.37478260869565216 0.665
0.37478260869565216 0.678
0.37478260869565216 0.675
0.37478260869565216 0.673
0.37478260869565216 0.673
0.37478260869565216 0.664
0.37478260869565216 0.673
0.3834782608695652 0.671
0.3834782608695652 0.657
0.3834782608695652 0.678
0.3834782608695652 0.648
0.3834782608695652 0.641
0.3834782608695652 0.66
0.3834782608695652 0.663
0.3834782608695652 0.669
0.3834782608695652 0.659
0.3834782608695652 0.665
0.38782608695652177 0.675
0.38782608695652177 0.669
0.38782608695652177 0.657
0.38782608695652177 0.669
0.38782608695652177 0.659
0.38782608695652177 0.682
0.38782608695652177 0.667
0.38782608695652177 0.679
0.38782608695652177 0.663
0.38782608695652177 0.662
0.4008695652173913 0.653
0.4008695652173913 0.681
0.4008695652173913 0.673
0.4008695652173913 0.668
0.4008695652173913 0.67
0.4008695652173913 0.655
0.4008695652173913 0.642
0.4008695652173913 0.684
0.4008695652173913 0.676
0.4008695652173913 0.65
0.39217391304347826 0.658
0.39217391304347826 0.685
0.39217391304347826 0.672
0.39217391304347826 0.665
0.39217391304347826 0.662
0.39217391304347826 0.655
0.39217391304347826 0.672
0.39217391304347826 0.669
0.39217391304347826 0.673
0.39217391304347826 0.662
0.3965217391304348 0.656
0.3965217391304348 0.652
0.3965217391304348 0.672
0.3965217391304348 0.668
0.3965217391304348 0.677
0.3965217391304348 0.671
0.3965217391304348 0.664
0.3965217391304348 0.678
0.3965217391304348 0.658
0.3965217391304348 0.683
0.40521739130434786 0.659
0.40521739130434786 0.64
0.40521739130434786 0.653
0.40521739130434786 0.666
0.40521739130434786 0.665
0.40521739130434786 0.66
0.40521739130434786 0.672
0.40521739130434786 0.653
0.40521739130434786 0.678
0.40521739130434786 0.68
0.40956521739130436 0.623
0.40956521739130436 0.651
0.40956521739130436 0.654
0.40956521739130436 0.645
0.40956521739130436 0.645
0.40956521739130436 0.656
0.40956521739130436 0.659
0.40956521739130436 0.658
0.40956521739130436 0.65
0.40956521739130436 0.664
0.41391304347826086 0.655
0.41391304347826086 0.663
0.41391304347826086 0.666
0.41391304347826086 0.659
0.41391304347826086 0.657
0.41391304347826086 0.66
0.41391304347826086 0.643
0.41391304347826086 0.663
0.41391304347826086 0.663
0.41391304347826086 0.67
0.4182608695652174 0.663
0.4182608695652174 0.675
0.4182608695652174 0.669
0.4182608695652174 0.651
0.4182608695652174 0.642
0.4182608695652174 0.677
0.4182608695652174 0.665
0.4182608695652174 0.653
0.4182608695652174 0.654
0.4182608695652174 0.652
0.42695652173913046 0.651
0.42695652173913046 0.653
0.42695652173913046 0.649
0.42695652173913046 0.646
0.42695652173913046 0.653
0.42695652173913046 0.626
0.42695652173913046 0.658
0.42695652173913046 0.641
0.42695652173913046 0.651
0.42695652173913046 0.66
0.4226086956521739 0.682
0.4226086956521739 0.648
0.4226086956521739 0.656
0.4226086956521739 0.667
0.4226086956521739 0.635
0.4226086956521739 0.667
0.4226086956521739 0.642
0.4226086956521739 0.644
0.4226086956521739 0.67
0.4226086956521739 0.663
0.43565217391304345 0.666
0.43565217391304345 0.653
0.43565217391304345 0.67
0.43565217391304345 0.647
0.43565217391304345 0.654
0.43565217391304345 0.65
0.43565217391304345 0.652
0.43565217391304345 0.633
0.43565217391304345 0.646
0.43565217391304345 0.635
0.43130434782608695 0.669
0.43130434782608695 0.668
0.43130434782608695 0.63
0.43130434782608695 0.642
0.43130434782608695 0.668
0.43130434782608695 0.637
0.43130434782608695 0.65
0.43130434782608695 0.652
0.43130434782608695 0.645
0.43130434782608695 0.682
0.44 0.657
0.44 0.647
0.44 0.649
0.44 0.632
0.44 0.639
0.44 0.643
0.44 0.641
0.44 0.651
0.44 0.649
0.44 0.641
