0.3486956521739131 0.705
0.3486956521739131 0.682
0.3486956521739131 0.672
0.3486956521739131 0.668
0.3486956521739131 0.681
0.3486956521739131 0.67
0.3486956521739131 0.687
0.3486956521739131 0.675
0.3486956521739131 0.695
0.3486956521739131 0.695
0.3617391304347826 0.7
0.3617391304347826 0.673
0.3617391304347826 0.702
0.3617391304347826 0.694
0.3617391304347826 0.694
0.3617391304347826 0.683
0.3617391304347826 0.684
0.3617391304347826 0.665
0.3617391304347826 0.688
0.3617391304347826 0.661
0.3443478260869565 0.697
0.3443478260869565 0.683
0.3443478260869565 0.721
0.3443478260869565 0.689
0.3443478260869565 0.683
0.3443478260869565 0.684
0.3443478260869565 0.69
0.3443478260869565 0.685
0.3443478260869565 0.71
0.3443478260869565 0.701
0.34 0.697
0.34 0.687
0.34 0.706
0.34 0.695
0.34 0.692
0.34 0.674
0.34 0.689
0.34 0.688
0.34 0.696
0.34 0.692
0.35304347826086957 0.674
0.35304347826086957 0.69
0.35304347826086957 0.716
0.35304347826086957 0.696
0.35304347826086957 0.706
0.35304347826086957 0.677
0.35304347826086957 0.682
0.35304347826086957 0.68
0.35304347826086957 0.664
0.35304347826086957 0.688
0.3573913043478261 0.665
0.3573913043478261 0.692
0.3573913043478261 0.68
0.3573913043478261 0.683
0.3573913043478261 0.685
0.3573913043478261 0.685
0.3573913043478261 0.684
0.3573913043478261 0.678
0.3573913043478261 0.69
0.3573913043478261 0.685
0.37043478260869567 0.669
0.37043478260869567 0.681
0.37043478260869567 0.683
0.37043478260869567 0.665
0.37043478260869567 0.669
0.37043478260869567 0.672
0.37043478260869567 0.685
0.37043478260869567 0.672
0.37043478260869567 0.678
0.37043478260869567 0.656
0.36608695652173917 0.672
0.36608695652173917 0.683
0.36608695652173917 0.685
0.36608695652173917 0.649
0.36608695652173917 0.684
0.36608695652173917 0.658
0.36608695652173917 0.692
0.36608695652173917 0.682
0.36608695652173917 0.675
0.36608695652173917 0.675
0.37478260869565216 0.688
0.37478260869565216 0.678
0.37478260869565216 0.672
0.37478260869565216 0.697
0.37478260869565216 0.693
0.37478260869565216 0.67
0.37478260869565216 0.677
0.37478260869565216 0.661
0.37478260869565216 0.669
0.37478260869565216 0.658
0.3791304347826087 0.683
0.3791304347826087 0.659
0.3791304347826087 0.686
0.3791304347826087 0.68
0.3791304347826087 0.681
0.3791304347826087 0.664
0.3791304347826087 0.662
0.3791304347826087 0.68
0.3791304347826087 0.684
0.3791304347826087 0.685
0.3834782608695652 0.654
0.3834782608695652 0.653
0.3834782608695652 0.686
0.3834782608695652 0.675
0.3834782608695652 0.67
0.3834782608695652 0.672
0.3834782608695652 0.668
0.3834782608695652 0.681
0.3834782608695652 0.671
0.3834782608695652 0.649
0.38782608695652177 0.662
0.38782608695652177 0.67
0.38782608695652177 0.689
0.38782608695652177 0.657
0.38782608695652177 0.681
0.38782608695652177 0.679
0.38782608695652177 0.655
0.38782608695652177 0.677
0.38782608695652177 0.674
0.38782608695652177 0.667
