0.3512676056338028 0.677
0.3512676056338028 0.68
0.3512676056338028 0.694
0.3512676056338028 0.692
0.3512676056338028 0.678
0.3512676056338028 0.68
0.3512676056338028 0.692
0.3512676056338028 0.696
0.3512676056338028 0.673
0.3512676056338028 0.686
0.3794366197183099 0.685
0.3794366197183099 0.685
0.3794366197183099 0.688
0.3794366197183099 0.66
0.3794366197183099 0.668
0.3794366197183099 0.67
0.3794366197183099 0.654
0.3794366197183099 0.661
0.3794366197183099 0.664
0.3794366197183099 0.656
0.3625352112676057 0.692
0.3625352112676057 0.672
0.3625352112676057 0.688
0.3625352112676057 0.646
0.3625352112676057 0.679
0.3625352112676057 0.676
0.3625352112676057 0.679
0.3625352112676057 0.67
0.3625352112676057 0.687
0.3625352112676057 0.679
0.3681690140845071 0.67
0.3681690140845071 0.69
0.3681690140845071 0.681
0.3681690140845071 0.681
0.3681690140845071 0.68
0.3681690140845071 0.682
0.3681690140845071 0.675
0.3681690140845071 0.687
0.3681690140845071 0.695
0.3681690140845071 0.677
0.3569014084507042 0.692
0.3569014084507042 0.693
0.3569014084507042 0.688
0.3569014084507042 0.673
0.3569014084507042 0.674
0.3569014084507042 0.674
0.3569014084507042 0.699
0.3569014084507042 0.652
0.3569014084507042 0.693
0.3569014084507042 0.68
0.3738028169014085 0.696
0.3738028169014085 0.663
0.3738028169014085 0.68
0.3738028169014085 0.674
0.3738028169014085 0.683
0.3738028169014085 0.683
0.3738028169014085 0.67
0.3738028169014085 0.693
0.3738028169014085 0.68
0.3738028169014085 0.689
0.34 0.693
0.34 0.685
0.34 0.682
0.34 0.698
0.34 0.688
0.34 0.701
0.34 0.691
0.34 0.69
0.34 0.69
0.34 0.666
0.3456338028169014 0.683
0.3456338028169014 0.692
0.3456338028169014 0.675
0.3456338028169014 0.674
0.3456338028169014 0.711
0.3456338028169014 0.688
0.3456338028169014 0.708
0.3456338028169014 0.68
0.3456338028169014 0.684
0.3456338028169014 0.682
0.3850704225352113 0.676
0.3850704225352113 0.682
0.3850704225352113 0.652
0.3850704225352113 0.663
0.3850704225352113 0.653
0.3850704225352113 0.681
0.3850704225352113 0.684
0.3850704225352113 0.692
0.3850704225352113 0.679
0.3850704225352113 0.675
0.3907042253521127 0.663
0.3907042253521127 0.657
0.3907042253521127 0.672
0.3907042253521127 0.667
0.3907042253521127 0.667
0.3907042253521127 0.657
0.3907042253521127 0.668
0.3907042253521127 0.664
0.3907042253521127 0.671
0.3907042253521127 0.659
0.3963380281690141 0.645
0.3963380281690141 0.65
0.3963380281690141 0.676
0.3963380281690141 0.656
0.3963380281690141 0.669
0.3963380281690141 0.666
0.3963380281690141 0.662
0.3963380281690141 0.663
0.3963380281690141 0.646
0.3963380281690141 0.664
0.4019718309859155 0.648
0.4019718309859155 0.66
0.4019718309859155 0.68
0.4019718309859155 0.668
0.4019718309859155 0.666
0.4019718309859155 0.663
0.4019718309859155 0.662
0.4019718309859155 0.67
0.4019718309859155 0.663
0.4019718309859155 0.663
0.4132394366197183 0.654
0.4132394366197183 0.657
0.4132394366197183 0.658
0.4132394366197183 0.659
0.4132394366197183 0.651
0.4132394366197183 0.652
0.4132394366197183 0.677
0.4132394366197183 0.646
0.4132394366197183 0.662
0.4132394366197183 0.633
0.4076056338028169 0.654
0.4076056338028169 0.661
0.4076056338028169 0.656
0.4076056338028169 0.669
0.4076056338028169 0.669
0.4076056338028169 0.633
0.4076056338028169 0.645
0.4076056338028169 0.672
0.4076056338028169 0.653
0.4076056338028169 0.66
0.42450704225352115 0.639
0.42450704225352115 0.648
0.42450704225352115 0.658
0.42450704225352115 0.644
0.42450704225352115 0.671
0.42450704225352115 0.649
0.42450704225352115 0.643
0.42450704225352115 0.641
0.42450704225352115 0.662
0.42450704225352115 0.663
0.41887323943661975 0.657
0.41887323943661975 0.642
0.41887323943661975 0.66
0.41887323943661975 0.645
0.41887323943661975 0.65
0.41887323943661975 0.656
0.41887323943661975 0.651
0.41887323943661975 0.646
0.41887323943661975 0.653
0.41887323943661975 0.667
0.43014084507042255 0.647
0.43014084507042255 0.64
0.43014084507042255 0.645
0.43014084507042255 0.643
0.43014084507042255 0.64
0.43014084507042255 0.656
0.43014084507042255 0.65
0.43014084507042255 0.641
0.43014084507042255 0.651
0.43014084507042255 0.662
0.44140845070422535 0.658
0.44140845070422535 0.638
0.44140845070422535 0.632
0.44140845070422535 0.656
0.44140845070422535 0.641
0.44140845070422535 0.665
0.44140845070422535 0.639
0.44140845070422535 0.644
0.44140845070422535 0.631
0.44140845070422535 0.643
0.43577464788732395 0.662
0.43577464788732395 0.652
0.43577464788732395 0.643
0.43577464788732395 0.655
0.43577464788732395 0.65
0.43577464788732395 0.652
0.43577464788732395 0.628
0.43577464788732395 0.653
0.43577464788732395 0.644
0.43577464788732395 0.661
0.4470422535211268 0.656
0.4470422535211268 0.637
0.4470422535211268 0.652
0.4470422535211268 0.625
0.4470422535211268 0.64
0.4470422535211268 0.631
0.4470422535211268 0.633
0.4470422535211268 0.641
0.4470422535211268 0.622
0.4470422535211268 0.634
0.4526760563380282 0.627
0.4526760563380282 0.651
0.4526760563380282 0.631
0.4526760563380282 0.624
0.4526760563380282 0.639
0.4526760563380282 0.656
0.4526760563380282 0.649
0.4526760563380282 0.635
0.4526760563380282 0.639
0.4526760563380282 0.651
0.4695774647887324 0.617
0.4695774647887324 0.63
0.4695774647887324 0.652
0.4695774647887324 0.633
0.4695774647887324 0.644
0.4695774647887324 0.634
0.4695774647887324 0.665
0.4695774647887324 0.644
0.4695774647887324 0.631
0.4695774647887324 0.629
0.4583098591549296 0.651
0.4583098591549296 0.63
0.4583098591549296 0.644
0.4583098591549296 0.637
0.4583098591549296 0.629
0.4583098591549296 0.624
0.4583098591549296 0.643
0.4583098591549296 0.629
0.4583098591549296 0.649
0.4583098591549296 0.643
0.463943661971831 0.63
0.463943661971831 0.632
0.463943661971831 0.629
0.463943661971831 0.63
0.463943661971831 0.651
0.463943661971831 0.629
0.463943661971831 0.614
0.463943661971831 0.648
0.463943661971831 0.636
0.463943661971831 0.634
0.4752112676056338 0.637
0.4752112676056338 0.639
0.4752112676056338 0.627
0.4752112676056338 0.624
0.4752112676056338 0.662
0.4752112676056338 0.625
0.4752112676056338 0.653
0.4752112676056338 0.625
0.4752112676056338 0.623
0.4752112676056338 0.628
0.4864788732394366 0.637
0.4864788732394366 0.645
0.4864788732394366 0.661
0.4864788732394366 0.618
0.4864788732394366 0.626
0.4864788732394366 0.635
0.4864788732394366 0.643
0.4864788732394366 0.616
0.4864788732394366 0.625
0.4864788732394366 0.63
0.4808450704225352 0.638
0.4808450704225352 0.626
0.4808450704225352 0.617
0.4808450704225352 0.655
0.4808450704225352 0.647
0.4808450704225352 0.635
0.4808450704225352 0.625
0.4808450704225352 0.637
0.4808450704225352 0.653
0.4808450704225352 0.626
0.492112676056338 0.631
0.492112676056338 0.634
0.492112676056338 0.629
0.492112676056338 0.629
0.492112676056338 0.639
0.492112676056338 0.633
0.492112676056338 0.623
0.492112676056338 0.626
0.492112676056338 0.622
0.492112676056338 0.63
0.4977464788732394 0.618
0.4977464788732394 0.618
0.4977464788732394 0.629
0.4977464788732394 0.628
0.4977464788732394 0.622
0.4977464788732394 0.62
0.4977464788732394 0.629
0.4977464788732394 0.619
0.4977464788732394 0.641
0.4977464788732394 0.617
0.5033802816901408 0.636
0.5033802816901408 0.62
0.5033802816901408 0.615
0.5033802816901408 0.622
0.5033802816901408 0.642
0.5033802816901408 0.616
0.5033802816901408 0.619
0.5033802816901408 0.629
0.5033802816901408 0.631
0.5033802816901408 0.623
0.5090140845070423 0.622
0.5090140845070423 0.623
0.5090140845070423 0.61
0.5090140845070423 0.637
0.5090140845070423 0.621
0.5090140845070423 0.626
0.5090140845070423 0.619
0.5090140845070423 0.632
0.5090140845070423 0.635
0.5090140845070423 0.619
0.5146478873239437 0.639
0.5146478873239437 0.633
0.5146478873239437 0.618
0.5146478873239437 0.616
0.5146478873239437 0.617
0.5146478873239437 0.616
0.5146478873239437 0.622
0.5146478873239437 0.627
0.5146478873239437 0.635
0.5146478873239437 0.633
0.5202816901408451 0.623
0.5202816901408451 0.619
0.5202816901408451 0.627
0.5202816901408451 0.617
0.5202816901408451 0.628
0.5202816901408451 0.602
0.5202816901408451 0.606
0.5202816901408451 0.629
0.5202816901408451 0.621
0.5202816901408451 0.626
0.5259154929577465 0.624
0.5259154929577465 0.609
0.5259154929577465 0.605
0.5259154929577465 0.62
0.5259154929577465 0.618
0.5259154929577465 0.613
0.5259154929577465 0.633
0.5259154929577465 0.621
0.5259154929577465 0.634
0.5259154929577465 0.625
0.5315492957746479 0.622
0.5315492957746479 0.609
0.5315492957746479 0.601
0.5315492957746479 0.619
0.5315492957746479 0.623
0.5315492957746479 0.602
0.5315492957746479 0.633
0.5315492957746479 0.625
0.5315492957746479 0.609
0.5315492957746479 0.623
0.5371830985915493 0.612
0.5371830985915493 0.611
0.5371830985915493 0.632
0.5371830985915493 0.625
0.5371830985915493 0.64
0.5371830985915493 0.627
0.5371830985915493 0.605
0.5371830985915493 0.619
0.5371830985915493 0.615
0.5371830985915493 0.617
0.5428169014084507 0.611
0.5428169014084507 0.619
0.5428169014084507 0.615
0.5428169014084507 0.641
0.5428169014084507 0.615
0.5428169014084507 0.617
0.5428169014084507 0.609
0.5428169014084507 0.619
0.5428169014084507 0.614
0.5428169014084507 0.631
0.5484507042253521 0.611
0.5484507042253521 0.612
0.5484507042253521 0.621
0.5484507042253521 0.617
0.5484507042253521 0.611
0.5484507042253521 0.616
0.5484507042253521 0.615
0.5484507042253521 0.61
0.5484507042253521 0.619
0.5484507042253521 0.612
0.5540845070422535 0.608
0.5540845070422535 0.613
0.5540845070422535 0.625
0.5540845070422535 0.618
0.5540845070422535 0.623
0.5540845070422535 0.601
0.5540845070422535 0.602
0.5540845070422535 0.62
0.5540845070422535 0.617
0.5540845070422535 0.596
0.5597183098591549 0.635
0.5597183098591549 0.601
0.5597183098591549 0.594
0.5597183098591549 0.621
0.5597183098591549 0.62
0.5597183098591549 0.615
0.5597183098591549 0.602
0.5597183098591549 0.602
0.5597183098591549 0.614
0.5597183098591549 0.622
0.5653521126760563 0.604
0.5653521126760563 0.625
0.5653521126760563 0.633
0.5653521126760563 0.606
0.5653521126760563 0.613
0.5653521126760563 0.616
0.5653521126760563 0.626
0.5653521126760563 0.62
0.5653521126760563 0.629
0.5653521126760563 0.614
0.5766197183098591 0.601
0.5766197183098591 0.625
0.5766197183098591 0.613
0.5766197183098591 0.607
0.5766197183098591 0.6
0.5766197183098591 0.612
0.5766197183098591 0.629
0.5766197183098591 0.608
0.5766197183098591 0.596
0.5766197183098591 0.613
0.5709859154929577 0.619
0.5709859154929577 0.617
0.5709859154929577 0.609
0.5709859154929577 0.615
0.5709859154929577 0.614
0.5709859154929577 0.621
0.5709859154929577 0.606
0.5709859154929577 0.605
0.5709859154929577 0.607
0.5709859154929577 0.621
0.5878873239436619 0.613
0.5878873239436619 0.613
0.5878873239436619 0.613
0.5878873239436619 0.625
0.5878873239436619 0.612
0.5878873239436619 0.6
0.5878873239436619 0.603
0.5878873239436619 0.629
0.5878873239436619 0.629
0.5878873239436619 0.609
0.5822535211267605 0.601
0.5822535211267605 0.6
0.5822535211267605 0.629
0.5822535211267605 0.593
0.5822535211267605 0.611
0.5822535211267605 0.613
0.5822535211267605 0.628
0.5822535211267605 0.602
0.5822535211267605 0.607
0.5822535211267605 0.601
0.5935211267605633 0.601
0.5935211267605633 0.641
0.5935211267605633 0.627
0.5935211267605633 0.611
0.5935211267605633 0.609
0.5935211267605633 0.605
0.5935211267605633 0.605
0.5935211267605633 0.6
0.5935211267605633 0.629
0.5935211267605633 0.605
0.5991549295774647 0.611
0.5991549295774647 0.588
0.5991549295774647 0.588
0.5991549295774647 0.609
0.5991549295774647 0.599
0.5991549295774647 0.619
0.5991549295774647 0.594
0.5991549295774647 0.601
0.5991549295774647 0.619
0.5991549295774647 0.605
0.6047887323943661 0.607
0.6047887323943661 0.595
0.6047887323943661 0.598
0.6047887323943661 0.609
0.6047887323943661 0.597
0.6047887323943661 0.635
0.6047887323943661 0.591
0.6047887323943661 0.603
0.6047887323943661 0.627
0.6047887323943661 0.594
0.616056338028169 0.613
0.616056338028169 0.629
0.616056338028169 0.607
0.616056338028169 0.607
0.616056338028169 0.635
0.616056338028169 0.633
0.616056338028169 0.59
0.616056338028169 0.627
0.616056338028169 0.588
0.616056338028169 0.603
0.6104225352112675 0.592
0.6104225352112675 0.611
0.6104225352112675 0.598
0.6104225352112675 0.621
0.6104225352112675 0.597
0.6104225352112675 0.629
0.6104225352112675 0.627
0.6104225352112675 0.609
0.6104225352112675 0.627
0.6104225352112675 0.612
0.6273239436619718 0.605
0.6273239436619718 0.611
0.6273239436619718 0.631
0.6273239436619718 0.609
0.6273239436619718 0.604
0.6273239436619718 0.633
0.6273239436619718 0.649
0.6273239436619718 0.633
0.6273239436619718 0.605
0.6273239436619718 0.59
0.6216901408450703 0.597
0.6216901408450703 0.609
0.6216901408450703 0.594
0.6216901408450703 0.592
0.6216901408450703 0.592
0.6216901408450703 0.599
0.6216901408450703 0.584
0.6216901408450703 0.611
0.6216901408450703 0.591
0.6216901408450703 0.604
0.6329577464788732 0.617
0.6329577464788732 0.598
0.6329577464788732 0.596
0.6329577464788732 0.601
0.6329577464788732 0.6
0.6329577464788732 0.607
0.6329577464788732 0.589
0.6329577464788732 0.609
0.6329577464788732 0.613
0.6329577464788732 0.601
0.6498591549295775 0.597
0.6498591549295775 0.59
0.6498591549295775 0.593
0.6498591549295775 0.575
0.6498591549295775 0.59
0.6498591549295775 0.629
0.6498591549295775 0.587
0.6498591549295775 0.621
0.6498591549295775 0.607
0.6498591549295775 0.592
0.6385915492957747 0.597
0.6385915492957747 0.578
0.6385915492957747 0.609
0.6385915492957747 0.582
0.6385915492957747 0.602
0.6385915492957747 0.589
0.6385915492957747 0.599
0.6385915492957747 0.591
0.6385915492957747 0.601
0.6385915492957747 0.605
0.6442253521126761 0.597
0.6442253521126761 0.593
0.6442253521126761 0.601
0.6442253521126761 0.59
0.6442253521126761 0.595
0.6442253521126761 0.604
0.6442253521126761 0.599
0.6442253521126761 0.587
0.6442253521126761 0.595
0.6442253521126761 0.611
0.6611267605633803 0.591
0.6611267605633803 0.582
0.6611267605633803 0.601
0.6611267605633803 0.594
0.6611267605633803 0.611
0.6611267605633803 0.605
0.6611267605633803 0.625
0.6611267605633803 0.627
0.6611267605633803 0.601
0.6611267605633803 0.599
0.6667605633802817 0.578
0.6667605633802817 0.625
0.6667605633802817 0.601
0.6667605633802817 0.621
0.6667605633802817 0.623
0.6667605633802817 0.586
0.6667605633802817 0.605
0.6667605633802817 0.627
0.6667605633802817 0.605
0.6667605633802817 0.609
0.6554929577464789 0.59
0.6554929577464789 0.588
0.6554929577464789 0.584
0.6554929577464789 0.599
0.6554929577464789 0.588
0.6554929577464789 0.601
0.6554929577464789 0.617
0.6554929577464789 0.592
0.6554929577464789 0.594
0.6554929577464789 0.59
0.6723943661971831 0.585
0.6723943661971831 0.609
0.6723943661971831 0.625
0.6723943661971831 0.59
0.6723943661971831 0.613
0.6723943661971831 0.588
0.6723943661971831 0.59
0.6723943661971831 0.629
0.6723943661971831 0.601
0.6723943661971831 0.605
0.6780281690140846 0.599
0.6780281690140846 0.582
0.6780281690140846 0.59
0.6780281690140846 0.621
0.6780281690140846 0.589
0.6780281690140846 0.582
0.6780281690140846 0.601
0.6780281690140846 0.588
0.6780281690140846 0.578
0.6780281690140846 0.603
0.6892957746478874 0.625
0.6892957746478874 0.609
0.6892957746478874 0.609
0.6892957746478874 0.567
0.6892957746478874 0.607
0.6892957746478874 0.607
0.6892957746478874 0.588
0.6892957746478874 0.59
0.6892957746478874 0.588
0.6892957746478874 0.58
0.683661971830986 0.585
0.683661971830986 0.601
0.683661971830986 0.59
0.683661971830986 0.605
0.683661971830986 0.59
0.683661971830986 0.591
0.683661971830986 0.623
0.683661971830986 0.595
0.683661971830986 0.584
0.683661971830986 0.609
0.6949295774647888 0.605
0.6949295774647888 0.597
0.6949295774647888 0.631
0.6949295774647888 0.59
0.6949295774647888 0.59
0.6949295774647888 0.588
0.6949295774647888 0.595
0.6949295774647888 0.582
0.6949295774647888 0.611
0.6949295774647888 0.586
0.7005633802816902 0.59
0.7005633802816902 0.601
0.7005633802816902 0.613
0.7005633802816902 0.627
0.7005633802816902 0.58
0.7005633802816902 0.621
0.7005633802816902 0.609
0.7005633802816902 0.584
0.7005633802816902 0.582
0.7005633802816902 0.585
0.711830985915493 0.568
0.711830985915493 0.59
0.711830985915493 0.586
0.711830985915493 0.617
0.711830985915493 0.579
0.711830985915493 0.613
0.711830985915493 0.611
0.711830985915493 0.578
0.711830985915493 0.621
0.711830985915493 0.621
0.7061971830985916 0.584
0.7061971830985916 0.586
0.7061971830985916 0.571
0.7061971830985916 0.605
0.7061971830985916 0.587
0.7061971830985916 0.629
0.7061971830985916 0.59
0.7061971830985916 0.582
0.7061971830985916 0.613
0.7061971830985916 0.573
0.7174647887323944 0.57
0.7174647887323944 0.584
0.7174647887323944 0.59
0.7174647887323944 0.599
0.7174647887323944 0.574
0.7174647887323944 0.611
0.7174647887323944 0.58
0.7174647887323944 0.605
0.7174647887323944 0.607
0.7174647887323944 0.584
0.7230985915492958 0.594
0.7230985915492958 0.605
0.7230985915492958 0.599
0.7230985915492958 0.578
0.7230985915492958 0.572
0.7230985915492958 0.59
0.7230985915492958 0.627
0.7230985915492958 0.588
0.7230985915492958 0.611
0.7230985915492958 0.627
0.7287323943661972 0.578
0.7287323943661972 0.584
0.7287323943661972 0.599
0.7287323943661972 0.601
0.7287323943661972 0.582
0.7287323943661972 0.582
0.7287323943661972 0.584
0.7287323943661972 0.625
0.7287323943661972 0.581
0.7287323943661972 0.584
0.7343661971830986 0.601
0.7343661971830986 0.588
0.7343661971830986 0.581
0.7343661971830986 0.605
0.7343661971830986 0.599
0.7343661971830986 0.599
0.7343661971830986 0.582
0.7343661971830986 0.579
0.7343661971830986 0.607
0.7343661971830986 0.579
0.74 0.601
0.74 0.599
0.74 0.59
0.74 0.582
0.74 0.58
0.74 0.611
0.74 0.588
0.74 0.601
0.74 0.613
0.74 0.584
