0.009130434782608696 0.5
0.009130434782608696 0.491
0.009130434782608696 0.509
0.009130434782608696 0.5
0.009130434782608696 0.5
0.009130434782608696 0.5
0.009130434782608696 0.5
0.009130434782608696 0.51
0.009130434782608696 0.5
0.009130434782608696 0.505
0.0030434782608695656 0.509
0.0030434782608695656 0.5
0.0030434782608695656 0.495
0.0030434782608695656 0.505
0.0030434782608695656 0.5
0.0030434782608695656 0.5
0.0030434782608695656 0.495
0.0030434782608695656 0.495
0.0030434782608695656 0.495
0.0030434782608695656 0.5
0.0 0.5
0.0 0.5
0.0 0.505
0.0 0.505
0.0 0.505
0.0 0.505
0.0 0.5
0.0 0.5
0.0 0.5
0.0 0.495
0.006086956521739131 0.5
0.006086956521739131 0.5
0.006086956521739131 0.5
0.006086956521739131 0.505
0.006086956521739131 0.5
0.006086956521739131 0.5
0.006086956521739131 0.5
0.006086956521739131 0.5
0.006086956521739131 0.518
0.006086956521739131 0.505
0.012173913043478262 0.505
0.012173913043478262 0.495
0.012173913043478262 0.5
0.012173913043478262 0.5
0.012173913043478262 0.49
0.012173913043478262 0.492
0.012173913043478262 0.509
0.012173913043478262 0.505
0.012173913043478262 0.5
0.012173913043478262 0.505
0.015217391304347828 0.511
0.015217391304347828 0.495
0.015217391304347828 0.511
0.015217391304347828 0.5
0.015217391304347828 0.505
0.015217391304347828 0.489
0.015217391304347828 0.5
0.015217391304347828 0.5
0.015217391304347828 0.511
0.015217391304347828 0.482
